data,callsign,departure,arrivee,TTOT,TLDT,ATOT,ALDT,Type,Wingspan,Airline,QFU,Parking,registration,delay
20180718,TGW138,WSSS,ZBTJ,5700,27000,7740,27240,B789,60.0,SCOOTER,16L,105,9VOFD,
20180718,TGW139,ZBTJ,WSSS,33600,55200,35280,56880,B789,60.0,SCOOTER,16R,101,9VOFD,
20180718,DKH1135,ZSPD,ZBTJ,51300,59700,53100,59760,A320,34.1,ShanghaiJuneyaoAirlines,16L,111,B1002,
20180718,DKH1135,ZBTJ,ZYBS,63780,69900,63840,68820,A320,34.1,ShanghaiJuneyaoAirlines,16R,116,B1002,
20180718,CBJ5717,ZGGG,ZBTJ,23700,34500,24240,34560,A321,34.1,BeijingCapitalAirlines,16L,210,B1012,
20180718,CBJ5196,ZBTJ,ZJSY,38400,51600,39300,52260,A321,34.1,BeijingCapitalAirlines,16R,416R,B1012,
20180718,GCR7971,ZBTJ,RJCC,32400,43200,32580,44880,A320,34.1,TianjinAirlines,16R,410,B1052,
20180718,GCR7972,RJCC,ZBTJ,47400,61500,49380,61620,A320,34.1,TianjinAirlines,16L,211,B1052,
20180718,GCR7887,ZBTJ,ZUUU,69000,79500,69960,79020,A332,60.3,TianjinAirlines,16R,416,B1052,
20180717,CSC8257,ZBYN,ZBTJ,-3000,-84780,-780,2160,A321,34.1,SichuanAirlines,16L,602,B1053,
20180718,CCA1679,ZBTJ,ZUCK,28500,38400,29700,37800,B738,35.8,AirChina,16R,415R,B1218,
20180718,CCA1680,ZUCK,ZBTJ,42000,51600,42720,51660,B738,35.8,AirChina,16L,607,B1218,
20180718,CCA1673,ZBTJ,ZSHC,58200,65100,58680,64620,B738,35.8,AirChina,16R,411,B1218,
20180718,CCA1674,ZSHC,ZBTJ,69000,76500,70320,76560,B738,35.8,AirChina,16L,202,B1218,
20180718,CCA8289,ZBTJ,ZBHH,72600,78000,85200,88620,B738,35.8,AirChina,16R,415L,B1218,
20180717,CCA1528,ZSSS,ZBTJ,-15600,-7500,-1680,4200,B738,35.8,AirChina,16L,602,B1219,
20180718,CCA1533,ZBTJ,ZSSS,28800,35700,29160,35160,B738,35.8,AirChina,16R,412,B1219,
20180718,CCA1534,ZSSS,ZBTJ,39300,47400,40320,47460,B738,35.8,AirChina,16L,604,B1219,
20180718,CCA1387,ZBTJ,ZGGG,53400,64800,54660,64200,B738,35.8,AirChina,16R,416R,B1219,
20180718,CCA1388,ZGGG,ZBTJ,69000,80700,73500,83580,B738,35.8,AirChina,16L,202,B1219,
20180718,CSH9147,ZSSS,ZBTJ,29700,37500,31080,38580,B38M,35.9,ShanghaiAirlines,16L,219,B1260,
20180718,CSH9148,ZBTJ,ZSSS,41700,49800,44160,50580,B38M,35.9,ShanghaiAirlines,16R,413,B1260,
20180718,OKA2939,ZBTJ,ZSQZ,39600,48600,49800,58080,B738,35.8,OkayAirways,16R,411,B1267,
20180718,CJX8961,ZSCN,ZBTJ,27300,35400,27840,35460,B738,35.8,AIRCRANE,16L,111,B1268,
20180718,CJX8881,ZBTJ,ZSCN,39000,46500,39960,46560,B738,35.8,AIRCRANE,16R,410,B1268,
20180718,CUA2217,ZBTJ,ZSSS,24600,32400,24780,30540,B738,35.8,LIANHANG,16R,414R,B1279,
20180718,CXA8089,ZBTJ,ZBLA,28800,35400,28860,34860,B738,35.8,XiamenAirlines,16R,417R,B1287,
20180718,CXA8125,ZSAM,ZBTJ,27900,37500,28740,37560,B738,35.8,XiamenAirlines,16L,227,B1301,
20180718,CXA8303,ZBTJ,ZGHA,41100,49500,41700,49020,B738,35.8,XiamenAirlines,16R,414L,B1301,
20180718,CXA8304,ZGHA,ZBTJ,75300,84300,74880,84360,B738,35.8,XiamenAirlines,16L,226,B1301,
20180718,CXA8187,ZSHC,ZBTJ,27300,34800,29640,36720,B738,35.8,XiamenAirlines,16L,225,B1302,
20180718,CXA8188,ZBTJ,ZSHC,38700,45600,42060,47940,B738,35.8,XiamenAirlines,16R,416L,B1302,
20180718,OKA2884,ZBTJ,ZLXY,81300,2400,81360,14280,B738,35.8,OkayAirways,16L,224,B1338,
20180718,AMU238,VMMC,ZBTJ,29400,40500,30240,40560,A320,34.1,AirMacau,16L,103,B1338,
20180718,AMU237,ZBTJ,VMMC,44100,55200,45240,56340,A320,34.1,AirMacau,16R,106,B1338,
20180718,OKA2778,ZGSZ,ZBTJ,62400,72900,69240,79080,B738,35.8,OkayAirways,16L,224,B1338,
20180718,FZA6601,ZSZS,ZBTJ,33600,41400,34860,41460,B738,35.8,STRAITAIR,16L,211,B1348,
20180718,FZA6602,ZBTJ,ZSZS,45000,52500,46260,52620,B738,35.8,STRAITAIR,16R,416L,B1348,
20180718,FZA6556,ZSFZ,ZBTJ,65400,75000,67560,75660,B738,35.8,STRAITAIR,16L,214,B1348,
20180718,FZA6556,ZBTJ,ZYHB,78600,85800,80160,87840,B738,35.8,STRAITAIR,16R,214,B1348,
20180718,FZA6751,ZGHA,ZBTJ,38400,46200,49020,55800,B738,35.8,STRAITAIR,16L,210,B1350,
20180718,FZA6752,ZBTJ,ZGHA,50400,58500,59220,66180,B738,35.8,STRAITAIR,16L,210,B1350,
20180718,CHH7678,ZBTJ,ZBAA,82800,2760,82860,7320,B738,35.8,HainanAirlines,16R,210,B1372,
20180718,CSS6972,ZBTJ,ZSHC,3600,10800,3660,8460,B733,28.3,SHUNFENG,16R,876,B1378,
20180718,CSS6971,ZSHC,ZBTJ,16500,24300,19980,25440,B733,28.3,SHUNFENG,16L,897,B1378,
20180718,CSN3168,ZHHH,ZBTJ,57900,64500,62640,68100,B738,35.8,ChinaSouthernAirlines,16L,220,B1411,
20180718,CSN3167,ZBTJ,ZHHH,70700,76600,72180,78180,B738,35.8,ChinaSouthernAirlines,16R,220,B1411,
20180718,CCA125Y,ZBTJ,ZLXY,30300,36000,31140,37320,B738,35.8,AirChina,16R,415R,B1418,
20180718,CCA125X,ZLXY,ZBTJ,41000,46000,42060,47040,B738,35.8,AirChina,16L,605,B1418,
20180718,CCA1669,ZBTJ,ZGHA,61800,70200,65580,72540,B738,35.8,AirChina,16R,109,B1418,
20180718,CCA1670,ZGHA,ZBTJ,73800,82500,76260,83760,B738,35.8,AirChina,16L,118,B1418,
20180718,OKA2735,ZBTJ,ZGHA,76200,85500,76260,12000,B738,35.8,OkayAirways,16R,225,B1420,
20180718,OKA2787,ZGGG,ZBTJ,24900,36000,26100,36060,B739,34.3,OkayAirways,16L,222,B1420,
20180718,OKA2851,ZBTJ,ZUUU,42300,53100,43500,52680,B739,34.3,OkayAirways,16R,409,B1420,
20180718,OKA2852,ZUUU,ZBTJ,57300,66300,58020,66900,B739,34.3,OkayAirways,16L,223,B1420,
20180718,CUA2218,ZSSS,ZBTJ,70200,78000,71520,78060,B738,35.8,LIANHANG,16L,112,B1427,
20180718,OKA2843,ZBTJ,RJSA,39300,54900,42240,57840,B738,35.8,OkayAirways,16R,415L,B1450,
20180718,CXA8194,ZGKL,ZBTJ,-11400,3000,-1200,6960,B738,35.8,XiamenAirlines,16L,226,B1456,
20180718,CXA8353,ZBTJ,ZHHH,25200,33300,25560,32040,B738,35.8,XiamenAirlines,16R,416R,B1456,
20180718,CXA8354,ZHHH,ZBTJ,56100,63600,77280,83100,B738,35.8,XiamenAirlines,16L,225,B1456,
20180718,OKA3086,ZSNB,ZBTJ,79200,600,4860,11040,B738,35.8,OkayAirways,16R,606,B1485,
20180718,OKA3085,ZBTJ,ZSNB,24600,32400,25440,31560,B738,35.8,OkayAirways,16R,415R,B1485,
20180718,CHH705Z,ZBTJ,ZJHK,36000,50400,37020,48780,B738,35.8,HainanAirlines,16R,414L,B1497,
20180718,OKA2788,ZGGG,ZBTJ,78300,3300,7080,15900,B739,34.3,OkayAirways,16L,222,B1521,
20180718,OKA2833,ZBTJ,ZSCN,31200,39600,34080,40740,B738,35.8,OkayAirways,16R,410,B1521,
20180718,OKA2834,ZSCN,ZBTJ,65100,74100,65640,74160,B738,35.8,OkayAirways,16L,222,B1521,
20180718,CCA1678,ZYHB,ZBTJ,28500,36600,28800,36660,B738,35.8,AirChina,16L,604,B1526,
20180718,CCA1481,ZBTJ,ZBYC,42600,48900,43260,47700,B738,35.8,AirChina,16R,411,B1526,
20180718,CCA1482,ZBYC,ZBTJ,74700,80100,74280,80160,B738,35.8,AirChina,16L,118,B1526,
20180718,CCA1529,ZBTJ,ZSAM,26100,35700,30780,39420,B738,35.8,AirChina,16R,413,B1528,
20180718,CCA1530,ZSAM,ZBTJ,40200,50400,43500,52800,B738,35.8,AirChina,16L,602,B1528,
20180718,CCA8277,ZBTJ,ZLXN,57300,66600,57540,65160,B738,35.8,AirChina,16R,412,B1528,
20180718,CCA8278,ZLXN,ZBTJ,69900,77700,69780,77760,B738,35.8,AirChina,16L,202,B1528,
20180718,JYH1055,ZGGG,ZBTJ,23700,35100,25560,35160,B738,35.8,TRANSJADE,16L,601,B1552,
20180718,JYH1068,ZBTJ,ZUGY,43800,55200,44940,54780,B738,35.8,TRANSJADE,16R,415L,B1552,
20180718,JYH1067,ZUGY,ZBTJ,60000,71400,61920,71520,B738,35.8,TRANSJADE,16L,110,B1552,
20180718,JYH1056,ZBTJ,ZGGG,75300,5580,82920,92220,B738,35.8,TRANSJADE,16R,114,B1552,
20180718,CSN6893,ZWWW,ZBTJ,66600,80700,67140,80760,B738,35.8,ChinaSouthernAirlines,16L,221,B1583,
20180718,EVA730,RCTP,ZBTJ,33900,45300,36180,45300,A321,34.1,EVAAir,16L,103,B16226,
20180718,EVA729,ZBTJ,RCTP,49800,60300,50400,60900,A321,34.1,EVAAir,16R,105,B16226,
20180718,QDA6003,ZYCC,ZBTJ,25500,32100,25560,32100,A320,34.1,SKYLEGEND,16L,601,B1648,
20180718,QDA6003,ZBTJ,ZGNN,36000,48600,36720,47340,A320,34.1,SKYLEGEND,16R,412,B1648,
20180718,QDA6004,ZGNN,ZBTJ,54600,67500,55440,67560,A320,34.1,SKYLEGEND,16L,110,B1648,
20180718,QDA6004,ZBTJ,ZYCC,72300,78600,72720,78420,A320,34.1,SKYLEGEND,16R,116,B1648,
20180718,GCR6509,ZJSY,ZBTJ,76500,4500,1200,12960,A320,34.1,TianjinAirlines,16R,213,B1659,
20180718,GCR7845,ZBTJ,ZSSH,32400,37200,33780,38100,A320,34.1,TianjinAirlines,16R,413,B1659,
20180718,GCR7846,ZSSH,ZBTJ,62700,67800,65700,69480,A320,34.1,TianjinAirlines,16L,216,B1659,
20180718,CSC8862,ZBTJ,ZUUU,79500,3900,79560,14580,A320,34.1,SichuanAirlines,16R,113,B1665,
20180718,CSC8861,ZUUU,ZBTJ,66000,74700,66420,74760,A320,34.1,SichuanAirlines,16L,110,B1665,
20180718,CQH8509,ZSYN,ZBTJ,59100,65700,60420,65760,A320,34.1,ShanghaiSpringAirlines,16L,110,B1671,
20180718,CQH8510,ZBTJ,ZSYN,71100,77400,71700,76020,A320,34.1,ShanghaiSpringAirlines,16R,110,B1671,
20180718,OKA310V,ZSQD,ZBTJ,27000,30000,31020,34020,B738,35.8,OkayAirways,16L,223,B1732,
20180718,OKA2897,ZBTJ,ZPPP,36100,48000,38100,48480,B738,35.8,OkayAirways,16R,412,B1732,
20180718,OKA2898,ZPPP,ZBTJ,66000,77700,66780,77880,B738,35.8,OkayAirways,16L,222,B1732,
20180718,CCA1427,ZBTJ,ZUUU,27300,38100,27720,36240,B738,35.8,AirChina,16R,414R,B1762,
20180718,CCA1428,ZUUU,ZBTJ,42600,51900,43260,51960,B737,35.8,AirChina,16L,609,B1762,
20180718,CCA1259,ZBTJ,ZUGY,61500,71400,62280,71820,B738,35.8,AirChina,16R,117,B1762,
20180718,CSN3133,ZGGG,ZBTJ,30000,41400,32160,41460,A321,34.1,ChinaSouthernAirlines,16L,221,B1802,
20180718,CSN3134,ZBTJ,ZGGG,45000,56400,46140,55440,A321,34.1,ChinaSouthernAirlines,16R,410,B1802,
20180718,GCR6511,ZHHH,ZBTJ,36300,42600,46320,52140,A320,34.1,TianjinAirlines,16L,213,B1850,
20180718,GCR6512,ZBTJ,ZHHH,47400,54600,56280,61980,A320,34.1,TianjinAirlines,16R,416L,B1850,
20180718,FZA6555,ZYHB,ZBTJ,41100,49200,42120,49260,B738,35.8,STRAITAIR,16L,209,B1905,
20180718,FZA6555,ZBTJ,ZSFZ,53100,62400,53100,61560,B738,35.8,STRAITAIR,16R,414R,B1905,
20180717,CES5751,ZPPP,ZBTJ,-9600,-84600,-8280,2340,B738,35.8,ChinaEasternAirlines,16L,219,B1907,
20180718,CES5752,ZBTJ,ZPPP,32400,45300,33480,43980,B738,35.8,ChinaEasternAirlines,16R,416L,B1907,
20180718,CSN3771,ZGSD,ZBTJ,30600,41700,33480,43200,B738,35.8,ChinaSouthernAirlines,16L,221,B1922,
20180718,CSN3772,ZBTJ,ZGSD,45300,58800,47280,57780,B738,35.8,ChinaSouthernAirlines,16R,409,B1922,
20180718,CSN6894,ZBTJ,ZWWW,32700,46800,32760,46740,B738,35.8,ChinaSouthernAirlines,16R,415L,B1950,
20180718,OKA2907,ZGNN,ZBTJ,23400,35700,25140,36600,B738,35.8,OkayAirways,16L,223,B1962,
20180718,OKA2965,ZBTJ,ZLXN,44100,53400,44400,52320,B738,35.8,OkayAirways,16R,414L,B1962,
20180718,OKA2736,ZGHA,ZBTJ,24000,32100,24360,32160,B738,35.8,OkayAirways,16L,223,B1963,
20180718,OKA3103,ZBTJ,ZGSZ,38700,50700,39840,49800,B738,35.8,OkayAirways,16R,412,B1963,
20180718,OKA3104,ZGSZ,ZBTJ,54600,65400,61260,70440,B738,35.8,OkayAirways,16L,224,B1963,
20180718,OKA2908,ZBTJ,ZGNN,74400,8400,83100,93420,B738,35.8,OkayAirways,16R,224,B1963,
20180718,CXA8470,ZUCK,ZBTJ,37800,46200,38340,46680,B738,35.8,XiamenAirlines,16L,228,B1964,
20180718,CXA831,ZBTJ,ZSAM,50100,59400,51960,61740,B738,35.8,XiamenAirlines,16R,415L,B1964,
20180717,CSC8045,ZSJN,ZBTJ,-6000,-84600,-600,1620,A319,34.09,SichuanAirlines,16L,601,B2298,
20180717,YZR7490,PANC,ZBTJ,-37500,-7200,-2940,27360,B744,64.4,YangtzeRiverExpress,16L,912,B2432,
20180718,YZR749Z,ZBTJ,ZSPD,28800,36000,55080,61080,B744,64.4,YangtzeRiverExpress,16R,875,B2432,
20180718,CYZ9101,ZBTJ,ZSNJ,1500,7800,1800,6660,B734,28.9,ChinaPost,16R,876,B2823,
20180718,CYZ9102,ZSNJ,ZBTJ,22200,28500,22200,28560,B752,38.05,ChinaPost,16L,897,B2825,
20180718,CYZ9111,ZBTJ,ZLLL,33300,42300,36060,43980,B752,38.05,ChinaPost,16R,875,B2825,
20180718,CYZ9112,ZLLL,ZBTJ,77400,84900,75420,84960,B752,38.05,ChinaPost,16L,897,B2825,
20180718,LHA4015,ZSNT,ZBTJ,8100,14400,10440,16500,B733,28.3,LonghaoAirlines,16L,897,B2986,
20180718,LHA4016,ZBTJ,ZSNT,18000,24000,18300,23580,B733,28.3,LonghaoAirlines,16L,897,B2986,
20180718,CSS7155,ZSWX,ZBTJ,5100,10500,15360,20580,B733,28.3,SHUNFENG,16L,897,B2988,
20180718,CSS7156,ZBTJ,ZSWX,15300,21900,23520,28980,B733,28.3,SHUNFENG,16L,897,B2988,
20180718,CES5439,ZSSS,ZBTJ,49800,57900,50280,57960,A20N,35.8,ChinaEasternAirlines,16L,219,B300R,
20180718,CES5440,ZBTJ,ZSSS,62100,68700,62400,68160,A20N,35.8,ChinaEasternAirlines,16R,215,B300R,
20180718,GCR7990,RJTT,ZBTJ,1800,14700,6120,16260,A320,34.1,TianjinAirlines,16L,601,B300S,
20180718,GCR7839,ZBTJ,ZWWW,28500,43800,29040,43020,A320,34.1,TianjinAirlines,16R,409,B300S,
20180718,GCR7840,ZWWW,ZBTJ,68400,81900,69240,82140,A320,34.1,TianjinAirlines,16L,211,B300T,
20180718,GCR7826,ZYTL,ZBTJ,61200,64800,62940,66000,E190,28.72,TianjinAirlines,16L,213,B3108,
20180718,GCR7805,ZBTJ,ZSNB,72600,79200,72660,78360,A320,34.1,TianjinAirlines,16R,206,B3108,
20180718,GCR7806,ZSNB,ZBTJ,81900,2700,91680,86300,A320,34.1,TianjinAirlines,16L,213,B3108,
20180718,GCR6491,ZHNY,ZBTJ,44700,51000,44580,51060,E190,28.72,TianjinAirlines,16L,213,B3120,
20180718,GCR6492,ZBTJ,ZHNY,64200,70500,65340,70800,E190,28.72,TianjinAirlines,16R,209,B3120,
20180718,GCR7581,ZLXY,ZBTJ,50700,57000,51600,57060,E190,28.72,TianjinAirlines,16L,211,B3128,
20180718,GCR7581,ZBTJ,ZBXH,60300,66000,60900,64980,E190,28.72,TianjinAirlines,16R,209,B3128,
20180718,GCR7582,ZBXH,ZBTJ,69000,73500,68580,73560,E190,28.72,TianjinAirlines,16L,213,B3128,
20180718,GCR7817,ZBTJ,ZSFY,29700,35700,30960,36360,E190,28.72,TianjinAirlines,16R,411,B3129,
20180718,GCR7818,ZSFY,ZBTJ,58200,64200,60480,65400,E190,28.72,TianjinAirlines,16L,209,B3129,
20180718,HXA2901,ZBUC,ZBTJ,67800,71700,70500,73860,CRJ9,23.2,Chinaexpressair,16L,415R,B3142,
20180718,HXA2902,ZBTJ,ZBUC,77000,79800,79920,83400,CRJ9,23.2,Chinaexpressair,16R,415R,B3142,
20180717,GCR7829,ZBHH,ZBTJ,-12300,-7200,-480,3000,E190,28.72,TianjinAirlines,16L,211,B3152,
20180718,GCR7909,ZBTJ,ZYQQ,55200,61200,55260,61740,E190,28.72,TianjinAirlines,16R,415R,B3152,
20180718,GCR7910,ZYQQ,ZBTJ,65100,72900,65100,72960,E190,28.72,TianjinAirlines,16L,211,B3152,
20180718,GCR7833,ZBTJ,ZBTL,29100,35100,30120,34980,E190,28.72,TianjinAirlines,16R,415L,B3158,
20180718,GCR6658,ZYTL,ZBTJ,64800,69300,64980,69360,E190,28.72,TianjinAirlines,16L,207,B3161,
20180718,GCR6658,ZBTJ,ZBHH,73500,78600,74040,77940,E190,28.72,TianjinAirlines,16R,209,B3161,
20180718,GCR6657,ZBHH,ZBTJ,64800,69900,65340,69960,E190,28.72,TianjinAirlines,16L,213,B3169,
20180718,GCR6657,ZBTJ,ZYTL,73500,77100,75660,78780,E190,28.72,TianjinAirlines,16R,206,B3169,
20180718,CBG8853,ZGCD,ZBTJ,42000,49800,54420,61440,E190,28.72,SPRAY,16L,115,B3173,
20180718,CBG8854,ZBTJ,ZGCD,53400,61800,65940,73920,E190,28.72,SPRAY,16R,115,B3173,
20180718,GCR6653,ZBHH,ZBTJ,35700,41100,36180,41160,E190,28.72,TianjinAirlines,16L,601,B3190,
20180718,GCR6653,ZBTJ,ZSYT,45000,49200,45120,47760,E190,28.72,TianjinAirlines,16R,411,B3190,
20180718,GCR6654,ZSYT,ZBTJ,51600,56400,54420,56940,E190,28.72,TianjinAirlines,16L,209,B3190,
20180718,GCR6654,ZBTJ,ZBHH,59400,64800,60600,64320,E190,28.72,TianjinAirlines,16R,207,B3190,
20180718,GCR7915,ZBTJ,ZBCF,30000,34800,31380,35280,E190,28.72,TianjinAirlines,16R,415L,B3192,
20180718,GCR7916,ZBCF,ZBTJ,56400,61200,58560,61920,E190,28.72,TianjinAirlines,16L,213,B3192,
20180718,GCR7849,ZBTJ,ZLXY,64800,72600,66960,73440,E190,28.72,TianjinAirlines,16R,205,B3192,
20180718,GCR7850,ZLXY,ZBTJ,75900,82200,77160,82500,E190,28.72,TianjinAirlines,16L,213,B3192,
20180718,GCR7843,ZBTJ,ZHCC,32400,38100,34260,39000,E190,28.72,TianjinAirlines,16R,414R,B3195,
20180718,GCR7844,ZHCC,ZBTJ,64500,70500,65820,70620,E190,28.72,TianjinAirlines,16L,211,B3195,
20180718,CBG8821,ZUNC,ZBTJ,37200,45600,41400,49020,E190,28.72,SPRAY,16L,601,B3215,
20180718,CBG8822,ZBTJ,ZUNC,51230,61800,52320,60900,E190,28.72,SPRAY,16L,601,B3215,
20180718,HXA2842,ZBTJ,ZBOW,78000,83700,78060,5400,CRJ9,23.2,Chinaexpressair,16R,415L,B3227,
20180718,HXA2841,ZBOW,ZBTJ,86100,5100,8100,12060,CRJ9,23.2,Chinaexpressair,16R,602,B3227,
20180718,HXA2911,ZBTJ,ZBZL,25500,33300,25920,32760,CRJ9,23.2,Chinaexpressair,16R,414L,B3227,
20180718,HXA2912,ZBZL,ZBTJ,35700,43500,35220,43560,CRJ9,23.2,Chinaexpressair,16L,604,B3227,
20180718,HXA2669,ZBTJ,ZLGY,46500,53400,46560,52980,CRJ9,23.2,Chinaexpressair,16L,604,B3227,
20180718,HXA2670,ZLGY,ZBTJ,67500,73800,67320,73860,CRJ9,23.2,Chinaexpressair,16L,601,B3227,
20180718,HXA283Z,ZBTJ,ZLXY,32400,38400,34620,41460,CRJ9,23.2,Chinaexpressair,16R,412,B3229,
20180718,GCR7815,ZBTJ,ZSQD,28800,31800,28860,31740,E190,28.72,TianjinAirlines,16R,415L,B3232,
20180718,GCR7816,ZSQD,ZBTJ,55500,60300,66060,69240,E190,28.72,TianjinAirlines,16L,211,B3232,
20180718,CGZ7121,ZUWX,ZBTJ,59100,66300,60360,68280,E190,28.72,COLORFUL,16L,112,B3241,
20180718,CGZ7122,ZBTJ,ZUWX,69900,78300,71820,80100,E190,28.72,COLORFUL,16L,112,B3241,
20180718,GCR7867,ZBTJ,ZSRZ,45900,50400,46920,51000,E190,28.72,TianjinAirlines,16R,412,B3243,
20180718,GCR7868,ZSRZ,ZBTJ,72600,77700,74460,78360,E190,28.72,TianjinAirlines,16L,215,B3243,
20180718,GCR7853,ZBTJ,ZSHC,29700,36600,30420,36900,E190,28.72,TianjinAirlines,16R,414R,B3247,
20180718,GCR7854,ZSHC,ZBTJ,60300,68400,62460,68940,E190,28.72,TianjinAirlines,16L,213,B3247,
20180718,GCR7879,ZBTJ,ZLQY,30300,36600,31680,37560,E190,28.72,TianjinAirlines,16R,414R,B3257,
20180718,GCR7880,ZLQY,ZBTJ,52200,57900,51780,57960,E190,28.72,TianjinAirlines,16L,213,B3257,
20180718,GCR7837,ZBTJ,ZBDT,61200,65400,61380,64740,E190,28.72,TianjinAirlines,16L,213,B3257,
20180718,GCR7838,ZBDT,ZBTJ,68100,72600,68100,72660,E190,28.72,TianjinAirlines,16L,214,B3257,
20180718,GCR7803,ZBTJ,ZYTL,28200,32100,28860,31800,E190,28.72,TianjinAirlines,16R,418R,B3263,
20180718,GCR7804,ZYTL,ZBTJ,59700,63900,60360,64500,E190,28.72,TianjinAirlines,16L,208,B3263,
20180718,GCR7825,ZBTJ,ZYTL,68100,72600,70680,73680,E190,28.72,TianjinAirlines,16R,208,B3263,
20180718,HXA2844,ZBTJ,ZBLL,27300,30600,27360,30420,CRJ9,23.2,Chinaexpressair,16R,415L,B3362,
20180718,HXA2843,ZBLL,ZBTJ,51600,56400,51900,56460,CRJ9,23.2,Chinaexpressair,16L,602,B3362,
20180718,HXA2923,ZBTJ,ZYBA,63600,70800,63660,69240,CRJ9,23.2,Chinaexpressair,16R,413,B3362,
20180718,HXA2924,ZYBA,ZBTJ,73200,80400,73020,80460,CRJ9,23.2,Chinaexpressair,16L,602,B3362,
20180718,HXA287Y,ZBTJ,ZYCY,25200,28800,30840,33840,CRJ9,23.2,Chinaexpressair,16R,416L,B3369,
20180718,HXA287X,ZYCY,ZBTJ,31200,34800,36360,39840,CRJ9,23.2,Chinaexpressair,16L,601,B3369,
20180718,HXA2913,ZBTJ,ZGDY,42200,49200,43980,52620,CRJ9,23.2,Chinaexpressair,16R,417L,B3369,
20180718,HXA2914,ZGDY,ZBTJ,66000,74100,76440,84840,CRJ9,23.2,Chinaexpressair,16L,603,B3369,
20180718,HXA2905,ZBTJ,ZLTS,26400,35100,27900,34980,CRJ9,23.2,Chinaexpressair,16R,417L,B3378,
20180718,HXA2906,ZLTS,ZBTJ,37800,45900,37680,45960,CRJ9,23.2,Chinaexpressair,16L,601,B3378,
20180718,HXA2903,ZBTJ,ZYSQ,57900,64500,58500,64200,CRJ9,23.2,Chinaexpressair,16R,417L,B3378,
20180718,HXA2904,ZYSQ,ZBTJ,78900,85500,78420,85560,CRJ9,23.2,Chinaexpressair,16L,601,B3378,
20180718,JOY1602,ZBSJ,ZBTJ,77100,81300,5400,81360,MA60,29.2,Joyair,16L,501,B3421,
20180718,JOY1601,ZBTJ,ZBSJ,29400,33300,30180,33180,MA60,29.2,Joyair,16R,414L,B3421,
20180718,JOY1595,ZBTJ,ZSYT,24900,30600,25620,29340,MA60,29.2,Joyair,16R,411,B3718,
20180718,JOY1596,ZSYT,ZBTJ,36600,42000,37440,42060,MA60,29.2,Joyair,16L,501,B3718,
20180718,CSH906Q,ZSPD,ZBTJ,28800,36000,30600,37200,B738,35.8,ShanghaiAirlines,16L,219,B5131,
20180718,CSH9070,ZBTJ,ZSPD,27600,35400,41580,47280,B738,35.8,ShanghaiAirlines,16R,413,B5131,
20180718,OKA2992,ZGHA,ZBTJ,50700,59100,65220,72180,B738,35.8,OkayAirways,16L,222,B5181,
20180718,OKA2991,ZBTJ,ZGHA,62700,71100,81360,88680,B738,35.8,OkayAirways,16R,223,B5181,
20180718,CCA8363,ZBTJ,ZUMT,30000,41400,30600,40140,B738,35.8,AirChina,16R,412,B5213,
20180718,CCA8364,ZUMT,ZBTJ,66000,75600,66360,75660,B738,35.8,AirChina,16L,201,B5227,
20180718,CCA827T,ZSWZ,ZBTJ,25200,32400,25680,33300,B737,35.8,AirChina,16L,609,B5228,
20180718,CCA1633,ZBTJ,ZHSY,32100,39600,36540,42840,B738,35.8,AirChina,16L,609,B5228,
20180718,CCA1634,ZHSY,ZBTJ,44100,50700,45720,51960,B738,35.8,AirChina,16L,604,B5228,
20180718,CCA8275,ZBTJ,ZSWZ,63000,72600,63060,70260,B737,35.8,AirChina,16R,203,B5228,
20180718,CCA8276,ZSWZ,ZBTJ,75300,84000,75120,84060,B737,35.8,AirChina,16L,201,B5228,
20180718,CCA8297,ZBTJ,ZSWY,26400,33900,28320,35280,B737,35.8,AirChina,16R,415R,B5229,
20180718,CCA8298,ZSWY,ZBTJ,36600,44400,40140,47340,B737,35.8,AirChina,16L,609,B5229,
20180718,CSN3313,ZGNN,ZBTJ,45000,57000,45840,57360,B738,35.8,ChinaSouthernAirlines,16L,221,B5247,
20180718,CSN3314,ZBTJ,ZGNN,62700,76200,63240,73860,B738,35.8,ChinaSouthernAirlines,16R,221,B5247,
20180718,CES9727,ZPDL,ZBTJ,30900,43800,30240,43860,B737,35.8,ChinaEasternAirlines,16L,601,B5282,
20180718,CES9728,ZBTJ,ZPDL,48180,61800,48240,58980,B737,35.8,ChinaEasternAirlines,16R,413,B5282,
20180718,CHH7797,ZSCN,ZBTJ,49500,57600,50040,57660,B738,35.8,HainanAirlines,16L,206,B5346,
20180718,CHH7798,ZBTJ,ZSCN,61500,69300,61980,68700,B738,35.8,HainanAirlines,16R,208,B5346,
20180718,CSH9069,ZSPD,ZBTJ,81300,3300,3840,9900,B738,35.8,ShanghaiAirlines,16L,219,B5368,
20180718,CSZ9799,ZSQZ,ZBTJ,45600,55500,46320,55560,B738,35.8,ShenzhenAirlines,16L,604,B5381,
20180718,CSZ9800,ZBTJ,ZSQZ,59100,68400,59700,68100,B738,35.8,ShenzhenAirlines,16R,107,B5381,
20180718,CXA8210,ZLLL,ZBTJ,58500,65700,62580,68700,B738,35.8,XiamenAirlines,16L,227,B5382,
20180718,CXA8210,ZBTJ,ZYTL,70260,74700,73140,75840,B738,35.8,XiamenAirlines,16R,227,B5382,
20180718,CXA832,ZSAM,ZBTJ,56400,66600,57900,66660,B738,35.8,XiamenAirlines,16L,226,B5383,
20180718,CCA1245,ZBTJ,ZLLL,26100,35100,26280,33720,B738,35.8,AirChina,16R,414R,B5387,
20180718,CCA1246,ZLLL,ZBTJ,38700,47100,39000,47160,B738,35.8,AirChina,16L,606,B5387,
20180718,CCA1523,ZBTJ,ZSSS,55500,61500,55560,60720,B738,35.8,AirChina,16R,415L,B5387,
20180718,CCA1524,ZSSS,ZBTJ,65100,73200,65820,73260,B738,35.8,AirChina,16L,202,B5387,
20180718,CCA1417,ZBTJ,ZUGY,34200,44700,37140,46440,B737,35.8,AirChina,16R,415L,B5391,
20180718,CCA1418,ZUGY,ZBTJ,47700,57900,55500,65820,B737,35.8,AirChina,16L,118,B5391,
20180718,CCA1677,ZBTJ,ZYHB,69900,77400,72900,79200,B738,35.8,AirChina,16R,108,B5391,
20180718,CHH7104,ZBTJ,ZBAA,84000,1680,86280,90360,B738,35.8,HainanAirlines,16R,209,B5417,
20180718,CXA8277,ZSFZ,ZBTJ,58200,68100,61620,69900,B738,35.8,XiamenAirlines,16L,226,B5435,
20180718,CXA8277,ZBTJ,ZWWW,71700,600,74880,88560,B738,35.8,XiamenAirlines,16R,229,B5435,
20180718,CCA1260,ZUGY,ZBTJ,37800,47700,38280,47940,B738,35.8,AirChina,16L,602,B5442,
20180718,CCA1389,ZBTJ,ZJSY,53700,68700,54120,67920,B738,35.8,AirChina,16R,413,B5442,
20180718,CCA1390,ZJSY,ZBTJ,72000,86100,71700,86160,B738,35.8,AirChina,16L,202,B5442,
20180718,CCA151,ZBTJ,ZYTL,32880,36300,33300,36000,B738,35.8,AirChina,16R,412,B5447,
20180718,CCA152,ZYTL,ZBTJ,65700,69600,66120,69660,B738,35.8,AirChina,16L,202,B5447,
20180718,CCA749,ZBTJ,VTBS,73800,6300,79440,98340,B738,35.8,AirChina,16R,109,B5447,
20180718,CDG4717,ZSQD,ZBTJ,25200,30000,25920,30060,B738,35.8,shandongAirlines,16L,602,B5450,
20180718,CDG4717,ZBTJ,ZBHH,33600,39000,34380,38220,B738,35.8,shandongAirlines,16R,414L,B5450,
20180718,CDG4718,ZBHH,ZBTJ,42900,48000,44160,48060,B738,35.8,shandongAirlines,16L,601,B5450,
20180718,CDG4718,ZBTJ,ZSQD,51600,55800,54180,57660,B738,35.8,shandongAirlines,16R,415L,B5450,
20180718,CDG8053,ZSAM,ZBTJ,27000,38400,27300,38460,B738,35.8,shandongAirlines,16L,602,B5452,
20180718,CDG8053,ZBTJ,ZBLA,42600,51000,42840,50580,B738,35.8,shandongAirlines,16R,413,B5452,
20180718,CXA8143,ZBTJ,ZSQZ,24000,34500,28740,37620,B738,35.8,XiamenAirlines,16R,414L,B5458,
20180718,CXA8144,ZSQZ,ZBTJ,61800,72300,64140,72360,B738,35.8,XiamenAirlines,16L,230,B5458,
20180718,CXA8126,ZBTJ,ZSAM,75600,86100,81960,90120,B738,35.8,XiamenAirlines,16R,230,B5458,
20180718,CDG8054,ZBLA,ZBTJ,67200,76500,67740,76500,B738,35.8,shandongAirlines,16L,203,B5491,
20180718,CDG8054,ZBTJ,ZSAM,80400,3900,85860,95040,B738,35.8,shandongAirlines,16R,108,B5491,
20180718,CCA837V,ZBTJ,ZGSZ,25200,34200,25860,35700,B738,35.8,AirChina,16R,412,B5495,
20180718,CCA8362,ZGSZ,ZBTJ,30300,42000,39840,48840,B738,35.8,AirChina,16L,604,B5495,
20180718,CCA1319,ZBTJ,ZGSZ,52500,64200,55620,65820,B737,35.8,AirChina,16R,412,B5495,
20180718,CCA1320,ZGSZ,ZBTJ,69000,80100,74460,85560,B737,35.8,AirChina,16L,203,B5495,
20180718,CCA1371,ZBTJ,ZGSZ,28200,39300,31260,42180,B738,35.8,AirChina,16R,410,B5508,
20180718,CCA1372,ZGSZ,ZBTJ,50000,59000,57180,66480,B738,35.8,AirChina,16L,108,B5508,
20180718,CCA1527,ZBTJ,ZSSS,70000,75000,71520,76980,B738,35.8,AirChina,16R,108,B5508,
20180718,CCA8281,ZBTJ,ZWWW,33600,48300,34800,48600,B738,35.8,AirChina,16R,416L,B5518,
20180718,CCA8282,ZWWW,ZBTJ,67800,81300,68580,81360,B738,35.8,AirChina,16L,203,B5518,
20180718,CHH779R,ZBTJ,ZSCN,30600,38100,33180,39960,B738,35.8,HainanAirlines,16R,416R,B5520,
20180718,CHH7725,ZGHA,ZBTJ,36300,44400,38520,46200,B738,35.8,HainanAirlines,16L,211,B5522,
20180718,CHH7725,ZBTJ,ZYHB,48000,55500,49920,56100,B738,35.8,HainanAirlines,16R,412,B5522,
20180718,CHH7726,ZYHB,ZBTJ,60600,67800,61080,68700,B738,35.8,HainanAirlines,16L,215,B5522,
20180717,CCA1674,ZSHC,ZBTJ,-17400,1000,1800,7500,B738,35.8,AirChina,16L,601,B5525,
20180718,CSH9115,ZSSS,ZBTJ,36300,44100,37080,44160,B738,35.8,ShanghaiAirlines,16L,602,B5546,
20180718,CSH9116,ZBTJ,ZSSS,48600,55800,48600,54060,B738,35.8,ShanghaiAirlines,16R,415R,B5546,
20180718,CXA8209,ZYTL,ZBTJ,38700,42900,39840,42960,B738,35.8,XiamenAirlines,16L,226,B5563,
20180718,CXA8209,ZBTJ,ZLLL,47280,55800,47640,54900,B738,35.8,XiamenAirlines,16R,415L,B5563,
20180718,OKA2752,ZSHC,ZBTJ,74100,82800,3420,82860,B739,34.3,OkayAirways,16L,223,B5571,
20180718,OKA2751,ZBTJ,ZSHC,24600,31800,24660,30480,B739,34.3,OkayAirways,16R,415L,B5571,
20180718,CCA125Q,ZBTJ,ZUGY,29400,39000,32220,41520,B738,35.8,AirChina,16R,413,B5572,
20180718,CSH9063,ZSSS,ZBTJ,57300,66000,58080,66060,B738,35.8,ShanghaiAirlines,16L,218,B5576,
20180718,CSH9064,ZBTJ,ZSSS,71400,78900,71400,76800,B738,35.8,ShanghaiAirlines,16R,219,B5576,
20180718,OKA2903,ZGHA,ZBTJ,38400,46800,39600,46860,B738,35.8,OkayAirways,16L,222,B5577,
20180718,OKA2904,ZBTJ,ZGHA,51000,59100,51660,58800,B738,35.8,OkayAirways,16R,414R,B5577,
20180718,OKA2987,ZBTJ,ZYBS,27900,35100,28020,33300,B738,35.8,OkayAirways,16R,411,B5578,
20180718,OKA2988,ZYBS,ZBTJ,43800,51600,43980,51660,B738,35.8,OkayAirways,16L,223,B5578,
20180718,OKA2819,ZBTJ,ZGKL,57300,68700,57780,66480,B738,35.8,OkayAirways,16R,409,B5578,
20180718,OKA2820,ZGKL,ZBTJ,72300,82800,74160,83400,B738,35.8,OkayAirways,16L,222,B5578,
20180718,CCA8290,ZBHH,ZBTJ,28800,34200,28860,34260,B738,35.8,AirChina,16L,608,B5585,
20180718,CCA1671,ZBTJ,ZGSZ,42000,54000,43020,53940,B738,35.8,AirChina,16R,414R,B5585,
20180718,CCA1672,ZGSZ,ZBTJ,57600,68400,73980,84240,B738,35.8,AirChina,16L,203,B5585,
20180718,CXA8278,ZWWW,ZBTJ,28500,41400,29040,41460,B738,35.8,XiamenAirlines,16L,226,B5595,
20180718,CXA8278,ZBTJ,ZSFZ,45300,54900,45480,54780,B738,35.8,XiamenAirlines,16R,413,B5595,
20180718,CXA8159,ZBTJ,ZBAA,85800,6420,85860,11460,B738,35.8,XiamenAirlines,16R,227,B5602,
20180718,CSZ9123,ZGSZ,ZBTJ,54900,66600,64800,74400,B738,35.8,ShenzhenAirlines,16L,202,B5607,
20180718,CSZ9124,ZBTJ,ZGSZ,70200,82500,85560,94800,B738,35.8,ShenzhenAirlines,16R,109,B5607,
20180718,CSZ9121,ZGSZ,ZBTJ,25200,35700,26340,35760,B738,35.8,ShenzhenAirlines,16L,602,B5612,
20180718,CSZ9122,ZBTJ,ZGSZ,39300,51600,40560,51120,B738,35.8,ShenzhenAirlines,16R,411,B5612,
20180718,CCA1467,ZBTJ,ZPPP,48000,61500,48240,58560,B738,35.8,AirChina,16R,411,B5621,
20180718,CCA1468,ZPPP,ZBTJ,65100,77100,65280,77160,B738,35.8,AirChina,16L,201,B5621,
20180718,CXA8140,ZSAM,ZBTJ,74700,85200,76500,86300,B738,35.8,XiamenAirlines,16L,225,B5632,
20180718,CHH7791,ZGKL,ZBTJ,37200,48300,45180,54120,B738,35.8,HainanAirlines,16L,210,B5637,
20180718,CHH7792,ZBTJ,ZGKL,51900,62400,59580,68220,B738,35.8,HainanAirlines,16R,205,B5637,
20180718,CES5747,ZPPP,ZBTJ,34500,46500,35820,46560,B738,35.8,ChinaEasternAirlines,16L,603,B5647,
20180718,CES5748,ZBTJ,ZPPP,52200,64200,52260,61500,B738,35.8,ChinaEasternAirlines,16R,413,B5647,
20180718,CSN3301,ZGGG,ZBTJ,38700,50400,47940,56940,B738,35.8,ChinaSouthernAirlines,16L,603,B5677,
20180718,CSN3302,ZBTJ,ZGGG,54000,65100,61800,71760,B738,35.8,ChinaSouthernAirlines,16R,217,B5677,
20180718,CCA1670,ZGHA,ZBTJ,-12600,1800,4440,11040,B738,35.8,AirChina,16R,108,B5680,
20180718,CCA171,ZBTJ,RKSI,31800,38700,32880,39780,B738,35.8,AirChina,16R,414L,B5680,
20180718,CCA172,RKSI,ZBTJ,42300,48600,44040,48840,B738,35.8,AirChina,16L,603,B5680,
20180718,CCA751,ZBTJ,RCMQ,52500,63900,52680,64080,B738,35.8,AirChina,16R,416L,B5680,
20180718,CCA752,RCMQ,ZBTJ,67500,79200,66960,79260,B738,35.8,AirChina,16L,202,B5680,
20180718,CCA1656,ZSPD,ZBTJ,32700,41700,34800,41760,B738,35.8,AirChina,16L,603,B5681,
20180718,CCA1441,ZBTJ,ZBYN,47100,52200,47100,50100,B738,35.8,AirChina,16R,414L,B5681,
20180718,CCA1442,ZBYN,ZBTJ,75000,79500,76920,80640,B738,35.8,AirChina,16L,117,B5681,
20180718,CXA8297,ZBTJ,ZLXN,36300,45300,43800,51540,B738,35.8,XiamenAirlines,16R,410,B5688,
20180718,CXA8298,ZLXN,ZBTJ,48300,56400,54960,61740,B738,35.8,XiamenAirlines,16L,228,B5688,
20180718,CXA8469,ZBTJ,ZUCK,61200,70500,66660,75480,B738,35.8,XiamenAirlines,16R,230,B5688,
20180718,CDG4801,ZSAM,ZBTJ,26700,37200,27060,37260,B738,35.8,shandongAirlines,16L,603,B5787,
20180718,CDG4693,ZBTJ,ZGSD,40800,53100,41940,52740,B738,35.8,shandongAirlines,16R,411,B5787,
20180718,CDG4694,ZGSD,ZBTJ,56100,66900,55800,66960,B738,35.8,shandongAirlines,16L,202,B5787,
20180718,CDG4802,ZBTJ,ZSAM,75900,600,80880,89280,B738,35.8,shandongAirlines,16R,109,B5787,
20180718,CCA1320,ZGSZ,ZBTJ,-17400,240,-8820,240,B737,35.8,AirChina,16L,603,B5793,
20180718,CCA103,ZBTJ,VHHH,30900,42600,31980,43140,B738,35.8,AirChina,16R,412,B5793,
20180718,CCA104,VHHH,ZBTJ,46200,58500,58860,68040,B738,35.8,AirChina,16L,117,B5793,
20180718,CCA8361,ZBTJ,ZGSZ,72500,84530,77880,89040,B738,35.8,AirChina,16R,109,B5793,
20180718,CHH7202,ZGGG,ZBTJ,55800,66900,69720,79920,B738,35.8,HainanAirlines,16L,209,B5797,
20180718,RLH6515,ZHXF,ZBTJ,60300,67500,59940,67560,B737,35.8,SENDI,16L,111,B5811,
20180718,RLH6516,ZBTJ,ZHXF,72300,79200,72480,78600,B737,35.8,SENDI,16R,113,B5811,
20180718,OKA2883,ZLXY,ZBTJ,25200,30000,26040,31080,B738,35.8,OkayAirways,16L,222,B5843,
20180718,OKA2931,ZBTJ,ZGHA,37800,47100,38400,45240,B738,35.8,OkayAirways,16R,414L,B5843,
20180718,OKA2932,ZGHA,ZBTJ,72300,80100,74400,81240,B738,35.8,OkayAirways,16L,222,B5843,
20180718,CCA750,VTBS,ZBTJ,11100,27900,19980,35700,B738,35.8,AirChina,16L,604,B5849,
20180718,CCA801,ZBTJ,RKSI,49200,55500,49320,55620,B738,35.8,AirChina,16R,415L,B5849,
20180718,CCA802,RKSI,ZBTJ,60000,66300,60420,66360,B738,35.8,AirChina,16L,109,B5849,
20180718,CCA1655,ZBTJ,ZSPD,74400,80100,74460,79440,B737,35.8,AirChina,16R,203,B5849,
20180718,CHH7629,ZSQZ,ZBTJ,40200,49800,42120,49920,B738,35.8,HainanAirlines,16L,213,B5853,
20180718,CHH7630,ZBTJ,ZSQZ,54900,63300,54960,63120,B738,35.8,HainanAirlines,16R,409,B5853,
20180717,OKA2966,ZLXN,ZBTJ,-5100,-83400,-660,6240,B738,35.8,OkayAirways,16L,222,B6026,
20180718,OKA2777,ZBTJ,ZGSZ,28500,40200,32400,42420,B738,35.8,OkayAirways,16R,415R,B6026,
20180718,CCA1824,ZBTJ,ZBAA,84600,780,84660,9240,A319,34.09,AirChina,16R,107,B6038,
20180718,RLH5313,ZHES,ZBTJ,35400,42300,35040,42300,B737,35.8,SENDI,16L,602,B6110,
20180718,RLH5314,ZBTJ,ZHES,46200,54600,46740,54780,B737,35.8,SENDI,16R,413,B6110,
20180718,CCA1771,ZSHC,ZBTJ,58800,66600,61140,66660,A319,34.09,AirChina,16L,117,B6213,
20180718,CCA1772,ZBTJ,ZSHC,71400,79500,73320,78780,A319,34.09,AirChina,16R,107,B6213,
20180718,CCA177X,ZBTJ,ZSHC,33600,39600,33660,39000,A319,34.09,AirChina,16R,417R,B6236,
20180718,CSN3125,ZGHA,ZBTJ,48000,56700,62760,70200,A321,34.1,ChinaSouthernAirlines,16L,221,B6282,
20180718,CSN3125,ZBTJ,ZYHB,60300,68400,75480,81900,A321,34.1,ChinaSouthernAirlines,16R,220,B6282,
20180718,CSZ9797,ZSQZ,ZBTJ,25500,34500,25560,34560,A320,34.1,ShenzhenAirlines,16L,607,B6352,
20180718,CSZ9798,ZBTJ,ZSQZ,38100,48000,47460,56160,A320,34.1,ShenzhenAirlines,16R,416R,B6352,
20180718,CCA4187,ZUUU,ZBTJ,26700,35700,27300,35760,A321,34.1,AirChina,16L,607,B6362,
20180718,CCA4188,ZBTJ,ZUUU,39900,51600,40800,49380,A321,34.1,AirChina,16R,107,B6362,
20180718,CSC8045,ZPPP,ZBTJ,63600,76200,65460,76680,A319,34.09,SichuanAirlines,16L,111,B6422,
20180718,TBA9907,ZUCK,ZBTJ,49800,59400,55620,63180,A319,34.09,TIBET,16L,114,B6437,
20180718,TBA9908,ZBTJ,ZUCK,66000,76500,67440,76020,A319,34.09,TIBET,16R,114,B6437,
20180717,CXA8240,ZLXY,ZBTJ,-7500,-900,6300,11220,B738,35.8,XiamenAirlines,16R,605,B6485,
20180718,CXA8313,ZBTJ,ZGGG,29700,40800,33960,43200,B738,35.8,XiamenAirlines,16R,409,B6485,
20180718,CXA8314,ZGGG,ZBTJ,45300,56700,50940,60360,B738,35.8,XiamenAirlines,16L,230,B6485,
20180718,CXA8383,ZBTJ,ZGKL,61800,72000,64860,73740,B738,35.8,XiamenAirlines,16R,230,B6485,
20180718,CXA8365,ZBTJ,ZGSZ,27000,38400,27060,36480,B738,35.8,XiamenAirlines,16R,415R,B6486,
20180718,CXA8366,ZGSZ,ZBTJ,42000,54000,49560,58620,B738,35.8,XiamenAirlines,16L,227,B6486,
20180718,CXA8379,ZBTJ,ZGSZ,58200,70500,64380,74940,B738,35.8,XiamenAirlines,16R,229,B6486,
20180718,CCA1619,ZBTJ,ZGSD,31200,43200,33660,44100,B738,35.8,AirChina,16R,415R,B6499,
20180718,CCA1620,ZGSD,ZBTJ,46800,57600,63780,73680,B738,35.8,AirChina,16L,201,B6499,
20180718,CCA1395,ZBTJ,ZGGG,64200,75900,84060,93180,B738,35.8,AirChina,16R,108,B6499,
20180718,CSN3135,ZGGG,ZBTJ,56700,67800,73440,82920,A320,34.1,ChinaSouthernAirlines,16L,221,B6581,
20180718,CSC8357,ZBTJ,ZJHK,24900,39000,25200,36480,A321,34.1,SichuanAirlines,16R,416L,B6598,
20180718,CSC8358,ZJHK,ZBTJ,42300,55500,43080,55560,A321,34.1,SichuanAirlines,16L,601,B6598,
20180718,CSC8809,ZBTJ,ZUCK,62400,71700,62820,71340,A321,34.1,SichuanAirlines,16R,110,B6598,
20180718,CCA8211,ZBTJ,ZBAA,3000,6240,3600,5580,A320,34.1,AirChina,16R,414R,B6610,
20180718,CCA8225,ZHHH,ZBTJ,29400,36000,29100,36060,A320,34.1,AirChina,16L,603,B6611,
20180718,CCA8225,ZBTJ,ZYDQ,40200,46500,40260,46680,A320,34.1,AirChina,16R,409,B6611,
20180718,CCA8226,ZYDQ,ZBTJ,50100,57000,49800,57060,A320,34.1,AirChina,16L,605,B6611,
20180718,CCA8226,ZBTJ,ZHHH,60600,67500,60660,66360,A320,34.1,AirChina,16L,605,B6611,
20180718,CES5143,ZSSS,ZBTJ,40200,48600,41580,48660,A320,34.1,ChinaEasternAirlines,16L,215,B6696,
20180718,CES5143,ZBTJ,ZYHB,54300,62100,55740,61980,A320,34.1,ChinaEasternAirlines,16R,411,B6696,
20180718,CES5144,ZYHB,ZBTJ,65400,73200,66660,73500,A320,34.1,ChinaEasternAirlines,16L,218,B6696,
20180718,CES5144,ZBTJ,ZSSS,77100,84600,84240,89880,A320,34.1,ChinaEasternAirlines,16R,218,B6696,
20180718,CCA1931,ZSWZ,ZBTJ,-15000,100,-6300,540,A320,34.1,AirChina,16L,602,B6731,
20180718,CCA1921,ZBTJ,ZSWZ,31200,39300,32220,39900,A320,34.1,AirChina,16R,416L,B6731,
20180718,CCA1922,ZSWZ,ZBTJ,43500,52200,44580,52260,A320,34.1,AirChina,16L,601,B6731,
20180718,CSC8833,ZBTJ,ZBAA,83400,3600,83460,3360,A320,34.1,SichuanAirlines,16R,110,B6732,
20180718,CSC8353,ZBTJ,ZSCN,32100,39600,34500,41160,A320,34.1,SichuanAirlines,16R,416R,B6778,
20180718,CSC8354,ZSCN,ZBTJ,61500,69600,65160,70860,A320,34.1,SichuanAirlines,16L,111,B6778,
20180718,CSN6579,ZYTL,ZBTJ,26700,30600,27360,30660,A320,34.1,ChinaSouthernAirlines,16L,221,B6786,
20180718,CSN6579,ZBTJ,ZUCK,34200,44100,35700,43320,A320,34.1,ChinaSouthernAirlines,16R,414L,B6786,
20180718,CSN6580,ZUCK,ZBTJ,47700,56100,48480,56340,A320,34.1,ChinaSouthernAirlines,16L,221,B6786,
20180718,CSN6580,ZBTJ,ZYTL,60000,64200,60060,63000,A320,34.1,ChinaSouthernAirlines,16R,218,B6786,
20180718,GCR7577,ZWWW,ZBTJ,33300,47100,33900,47160,A321,34.1,TianjinAirlines,16L,210,B6789,
20180718,GCR7577,ZBTJ,ZYCC,51300,57300,52620,59220,A321,34.1,TianjinAirlines,16R,414L,B6789,
20180718,GCR7578,ZYCC,ZBTJ,61200,67800,63540,70140,A321,34.1,TianjinAirlines,16L,214,B6789,
20180718,GCR7578,ZBTJ,ZWWW,72000,600,78180,91260,A321,34.1,TianjinAirlines,16R,208,B6789,
20180718,LKE972S,ZSJN,ZBTJ,28800,31800,32460,34980,B738,35.8,LUCKYAIR,16L,211,B6809,
20180718,LKE972R,ZBTJ,ZUMY,34200,42300,38700,47040,B738,35.8,LUCKYAIR,16R,414R,B6809,
20180717,CSC8040,ZSNB,ZBTJ,-17400,-9900,4800,10680,A321,34.1,SichuanAirlines,16L,602,B6810,
20180718,CSC8349,ZBTJ,ZGNN,24000,36900,24420,35160,A321,34.1,SichuanAirlines,16R,414L,B6810,
20180718,GCR7993,ZBTJ,RKSI,29400,34200,29940,34740,A320,34.1,TianjinAirlines,16R,416R,B6837,
20180718,GCR7994,RKSI,ZBTJ,38700,44700,40200,44820,A320,34.1,TianjinAirlines,16L,211,B6837,
20180718,GCR7875,ZBTJ,ZLXY,48900,55800,50100,55800,A320,34.1,TianjinAirlines,16R,413,B6837,
20180718,CSC8810,ZUCK,ZBTJ,28800,37200,31560,39300,A321,34.1,SichuanAirlines,16L,603,B6838,
20180718,CSC835U,ZBTJ,ZGOW,48700,57600,50280,59220,A321,34.1,SichuanAirlines,16R,416L,B6838,
20180718,CSC835T,ZGOW,ZBTJ,61200,70100,62520,71160,A321,34.1,SichuanAirlines,16L,115,B6838,
20180718,CSC8355,ZBTJ,ZGOW,74500,83200,75720,84060,A321,34.1,SichuanAirlines,16R,116,B6838,
20180718,CSC8350,ZGNN,ZBTJ,46800,59700,51120,62280,A321,34.1,SichuanAirlines,16L,601,B6845,
20180718,CSC8033,ZBTJ,ZBLA,57000,65400,66780,74520,A321,34.1,SichuanAirlines,16R,116,B6845,
20180718,CSC8034,ZBLA,ZBTJ,68400,77400,78120,86280,A321,34.1,SichuanAirlines,16L,110,B6845,
20180718,CSH9131,ZSPD,ZBTJ,31800,41100,32460,41160,B738,35.8,ShanghaiAirlines,16L,602,B6866,
20180718,CSH9132,ZBTJ,ZSPD,45000,51900,45780,51720,B738,35.8,ShanghaiAirlines,16R,414L,B6866,
20180718,LKE9728,ZBTJ,ZUMY,80700,3300,80760,14400,B738,35.8,LUCKYAIR,16L,206,B6943,
20180718,LKE9631,ZUMY,ZBTJ,34800,43800,36660,44400,B738,35.8,LUCKYAIR,16L,210,B6943,
20180718,LKE9632,ZBTJ,ZUMY,47400,56400,48420,56940,B738,35.8,LUCKYAIR,16R,412,B6943,
20180718,LKE9727,ZUMY,ZBTJ,67800,77100,67860,77160,B738,35.8,LUCKYAIR,16L,206,B6943,
20180718,CQH8813,ZSPD,ZBTJ,25500,34200,27240,34260,A320,34.1,ShanghaiSpringAirlines,16L,112,B6971,
20180718,CQH8814,ZBTJ,ZSPD,38100,45600,40140,46200,A320,34.1,ShanghaiSpringAirlines,16R,415L,B6971,
20180718,EPA6245,ZGCJ,ZBTJ,46500,56100,52320,60720,B738,35.8,DONGHAIAIR,16L,206,B6982,
20180718,EPA6246,ZBTJ,ZGCJ,60600,70800,67200,75900,B738,35.8,DONGHAIAIR,16R,212,B6982,
20180718,OKA3035,ZBTJ,ZSNT,27300,34200,27840,34020,B738,35.8,OkayAirways,16R,412,B6997,
20180718,OKA3036,ZSNT,ZBTJ,68400,74700,71580,77160,B738,35.8,OkayAirways,16L,225,B6997,
20180718,OKA2989,ZBTJ,RJTT,80100,7200,81240,95340,B738,35.8,OkayAirways,16R,226,B6997,
20180718,FZA6569,ZSLY,ZBTJ,61500,66900,62700,66960,B738,35.8,STRAITAIR,16L,214,B7113,
20180718,FZA6570,ZBTJ,ZSLY,70800,75300,70860,74160,B738,35.8,STRAITAIR,16R,206,B7113,
20180718,CHH7497,ZYTL,ZBTJ,30600,34500,30840,34560,B738,35.8,HainanAirlines,16L,214,B7171,
20180718,CHH7498,ZBTJ,ZYTL,38100,42000,40920,43920,B738,35.8,HainanAirlines,16R,415R,B7171,
20180718,CXA8090,ZBLA,ZBTJ,63900,72300,64560,73200,B738,35.8,XiamenAirlines,16L,226,B7176,
20180718,CXA8239,ZBTJ,ZLXY,67200,74100,80640,86580,B738,35.8,XiamenAirlines,16R,229,B7176,
20180718,CXA8139,ZBTJ,ZSAM,27000,36600,35880,45300,B738,35.8,XiamenAirlines,16R,414R,B7177,
20180718,CXA833X,ZSJN,ZBTJ,32400,36900,36960,39540,B738,35.8,XiamenAirlines,16L,227,B7179,
20180718,CXA8331,ZBTJ,ZSFZ,32700,42300,46440,55860,B738,35.8,XiamenAirlines,16R,417R,B7179,
20180718,CCA8291,ZBTJ,ZLIC,31800,39900,32940,39060,B738,35.8,AirChina,16R,414R,B7182,
20180718,CCA8292,ZLIC,ZBTJ,42900,50700,43800,50760,B738,35.8,AirChina,16L,602,B7182,
20180718,CCA1401,ZBTJ,ZPPP,56400,69300,56820,67380,B738,35.8,AirChina,16R,414L,B7182,
20180718,CCA1402,ZPPP,ZBTJ,73200,84900,73260,85000,B738,35.8,AirChina,16L,202,B7182,
20180718,CUA2215,ZSPD,ZBTJ,45300,54600,52260,58440,B738,35.8,LIANHANG,16L,602,B7561,
20180718,CUA2216,ZBTJ,ZSPD,58200,65700,62760,68640,B738,35.8,LIANHANG,16R,114,B7561,
20180718,CXA8033,ZSFZ,ZBTJ,28800,37800,37740,45840,B738,35.8,XiamenAirlines,16L,227,B7816,
20180718,CXA8033,ZBTJ,ZYCC,42300,48000,51480,58260,B738,35.8,XiamenAirlines,16R,411,B7816,
20180718,CXA8034,ZYCC,ZBTJ,51900,58800,62700,69660,B738,35.8,XiamenAirlines,16L,228,B7816,
20180718,CXA8034,ZBTJ,ZSFZ,62400,72000,73680,81840,B738,35.8,XiamenAirlines,16R,414R,B7816,
20180718,CCA777,ZBTJ,ZSLG,28200,33300,28500,32880,B738,35.8,AirChina,16R,416R,B7890,
20180718,CCA778,ZSLG,ZBTJ,75600,80400,77580,81660,B738,35.8,AirChina,16L,202,B7890,
20180718,CCA1317,ZBTJ,ZGGG,27600,39000,29280,38520,B738,35.8,AirChina,16R,411,B7893,
20180718,CCA1318,ZGGG,ZBTJ,42900,54600,55560,64320,B738,35.8,AirChina,16L,601,B7893,
20180718,CCA1251,ZBTJ,ZLXY,63300,70500,68460,74460,B738,35.8,AirChina,16R,107,B7893,
20180718,CCA1252,ZLXY,ZBTJ,74400,81000,79440,85740,B738,35.8,AirChina,16L,107,B7893,
20180718,GCR7977,ZBTJ,RJBB,30900,39900,31620,40620,A320,34.1,TianjinAirlines,16R,414L,B8075,
20180718,GCR7978,RJBB,ZBTJ,44400,55200,45840,55260,A320,34.1,TianjinAirlines,16L,602,B8075,
20180718,GCR7891,ZBTJ,ZSAM,69300,79500,69480,78240,E190,28.72,TianjinAirlines,16R,207,B8075,
20180718,CBJ5718,ZBTJ,ZGGG,78900,13680,78960,13920,A321,34.1,BeijingCapitalAirlines,16L,210,B8107,
20180718,CBJ5195,ZJSY,ZBTJ,61800,75300,63840,76920,A321,34.1,BeijingCapitalAirlines,16L,210,B8107,
20180717,CBJ5195,ZJSY,ZBTJ,-24600,-11100,-11160,1800,A321,34.1,BeijingCapitalAirlines,16L,213,B8187,
20180718,CSC8815,ZSHC,ZBTJ,25200,32700,27300,33180,A320,34.1,SichuanAirlines,16L,601,B8330,
20180718,CSC8815,ZBTJ,ZYCC,36900,42600,39060,44460,A320,34.1,SichuanAirlines,16R,411,B8330,
20180718,CSC8816,ZYCC,ZBTJ,45600,53100,48000,53520,A320,34.1,SichuanAirlines,16L,603,B8330,
20180718,CSC8816,ZBTJ,ZSHC,57300,63600,58080,63900,A320,34.1,SichuanAirlines,16R,415R,B8330,
20180718,GCR7819,ZBTJ,ZGHA,27000,36300,28200,35400,A320,34.1,TianjinAirlines,16R,416L,B8381,
20180718,GCR7820,ZGHA,ZBTJ,58200,66000,58020,66060,A320,34.1,TianjinAirlines,16L,206,B8381,
20180718,GCR7863,ZBTJ,ZHHH,70500,77700,70560,76140,A320,34.1,TianjinAirlines,16R,204,B8381,
20180718,CBG8819,ZHYC,ZBTJ,57000,64200,57180,64260,E190,28.72,SPRAY,16L,110,B8388,
20180718,CBG8820,ZBTJ,ZHYC,69000,76800,69360,75900,E190,28.72,SPRAY,16R,114,B8388,
20180718,GCR7857,ZBTJ,ZLXY,27000,33900,27360,33300,A320,34.1,TianjinAirlines,16R,414L,B8389,
20180718,GCR7858,ZLXY,ZBTJ,62100,69000,62160,69060,A320,34.1,TianjinAirlines,16L,214,B8389,
20180718,CHB6237,ZUCK,ZBTJ,60600,69600,60660,69660,A320,34.1,Westair,16L,210,B8422,
20180718,CHB6238,ZBTJ,ZUCK,73200,82800,75960,85800,A320,34.1,Westair,16R,208,B8422,
20180718,GCR7583,ZLXY,ZBTJ,24600,31200,25860,31260,A320,34.1,TianjinAirlines,16L,211,B8505,
20180718,GCR7583,ZBTJ,ZYHB,34800,41700,35100,41460,A320,34.1,TianjinAirlines,16R,415R,B8505,
20180718,GCR7584,ZYHB,ZBTJ,45000,52800,45840,52860,A320,34.1,TianjinAirlines,16L,210,B8505,
20180718,GCR7584,ZBTJ,ZLXY,56700,63300,57060,62940,A320,34.1,TianjinAirlines,16R,413,B8505,
20180718,DKH1136,ZYBS,ZBTJ,44100,51300,44880,51360,A321,34.1,ShanghaiJuneyaoAirlines,16L,112,B8540,
20180718,DKH1136,ZBTJ,ZSPD,55200,63000,56880,62640,A321,34.1,ShanghaiJuneyaoAirlines,16R,414R,B8540,
20180718,GCR7855,ZBTJ,ZPPP,30300,43500,31500,41580,A332,60.3,TianjinAirlines,16R,417,B8596,
20180718,GCR7856,ZPPP,ZBTJ,48300,60000,49740,60060,A332,60.3,TianjinAirlines,16L,212,B8596,
20180718,GCR7869,ZBTJ,ZSDY,35700,39600,37260,40080,E190,28.72,TianjinAirlines,16R,414R,B8597,
20180718,GCR7870,ZSDY,ZBTJ,63600,66900,69300,71160,E190,28.72,TianjinAirlines,16L,212,B8597,
20180718,UEA2775,ZUUU,ZBTJ,28500,38400,29100,38460,A320,34.1,ChengduAirlines,16L,601,B8608,
20180718,UEA2775,ZBTJ,ZBUL,42900,50400,43620,49560,A320,34.1,ChengduAirlines,16R,416L,B8608,
20180718,UEA2776,ZBUL,ZBTJ,54600,62100,54600,62160,A320,34.1,ChengduAirlines,16L,112,B8608,
20180718,UEA2776,ZBTJ,ZUUU,66600,77400,67680,77400,A320,34.1,ChengduAirlines,16R,113,B8608,
20180718,CSC8567,ZYHB,ZBTJ,27300,34800,27600,34860,A321,34.1,SichuanAirlines,16L,603,B8686,
20180718,CSC8567,ZBTJ,ZLLL,39900,48000,39960,46800,A321,34.1,SichuanAirlines,16R,419R,B8686,
20180718,CSC8568,ZLLL,ZBTJ,51000,58800,51060,58860,A321,34.1,SichuanAirlines,16L,112,B8686,
20180718,CSC8568,ZBTJ,ZYHB,62880,69900,63300,69540,A321,34.1,SichuanAirlines,16R,113,B8686,
20180718,CCA1931,ZSWZ,ZBTJ,71400,81000,72000,81060,A320,34.1,AirChina,16L,109,B8743,
20180718,GCR7965,ZBTJ,ZUCK,37500,46800,37920,45660,A332,60.3,TianjinAirlines,16R,416,B8776,
20180718,TBA9878,ZBTJ,ZUUU,77700,2100,77760,13980,A320,34.1,TIBET,16L,112,B8842,
20180718,TBA9877,ZUUU,ZBTJ,21000,30600,21960,30660,A320,34.1,TIBET,16L,601,B8842,
20180718,TBA9877,ZBTJ,ZYCC,35400,41400,36360,41760,A320,34.1,TIBET,16R,415R,B8842,
20180718,TBA9878,ZYCC,ZBTJ,67500,74100,68040,74280,A320,34.1,TIBET,16L,112,B8842,
20180718,GCR7905,ZBTJ,ZUCK,76800,86100,76860,8100,A320,34.1,TianjinAirlines,16R,211,B8952,
20180718,GCR7906,ZUCK,ZBTJ,26700,36300,27840,36360,A320,34.1,TianjinAirlines,16L,211,B8952,
20180718,GCR7895,ZBTJ,ZGGG,41700,52800,42720,52020,A320,34.1,TianjinAirlines,16R,416R,B8952,
20180718,GCR7896,ZGGG,ZBTJ,57300,68100,57900,68160,A320,34.1,TianjinAirlines,16L,210,B8952,
20180717,GCR7902,ZLXY,ZBTJ,-3000,-83100,-2100,2760,E190,28.72,TianjinAirlines,16L,601,B8953,
20180718,GCR7881,ZBTJ,ZSPD,29100,36300,29520,35280,A320,34.1,TianjinAirlines,16R,416L,B8953,
20180718,GCR7882,ZSPD,ZBTJ,40800,49200,42120,49260,A320,34.1,TianjinAirlines,16L,210,B8953,
20180718,GCR7865,ZBTJ,ZJHK,54300,66300,54360,64560,A320,34.1,TianjinAirlines,16R,411,B8953,
20180718,GCR7866,ZJHK,ZBTJ,70800,83100,72180,85440,A320,34.1,TianjinAirlines,16L,211,B8953,
20180718,GCR7889,ZBTJ,ZSAM,33900,43500,34980,44220,A332,60.3,TianjinAirlines,16R,417,B8959,
20180718,GCR7890,ZSAM,ZBTJ,48000,58500,50280,58560,A332,60.3,TianjinAirlines,16L,212,B8959,
20180718,GCR7851,ZBTJ,ZSHC,63900,70800,65160,71040,E190,28.72,TianjinAirlines,16R,206,B8959,
20180718,GCR7852,ZSHC,ZBTJ,75000,83100,77400,84060,E190,28.72,TianjinAirlines,16L,210,B8959,
20180718,CQH8914,RKPC,ZBTJ,37200,45600,37500,45660,A320,34.1,ShanghaiSpringAirlines,16L,602,B8963,
20180718,CQH8989,ZBTJ,ZSYA,49800,56100,50640,55380,A320,34.1,ShanghaiSpringAirlines,16R,415L,B8963,
20180718,CQH8990,ZSYA,ZBTJ,58800,64500,59340,64560,A320,34.1,ShanghaiSpringAirlines,16L,112,B8963,
20180718,CQH8913,ZBTJ,RKPC,70500,77100,70560,76080,A320,34.1,ShanghaiSpringAirlines,16R,113,B8963,
20180718,CES5175,ZBTJ,ZBAA,85500,4440,85560,4020,A320,34.1,ChinaEasternAirlines,16R,218,B8975,
20180718,CES2369,ZSPD,ZBTJ,37800,45900,38820,46200,A320,34.1,ChinaEasternAirlines,16L,219,B9972,
20180718,CES2369,ZBTJ,ZBCF,50400,55500,52080,56340,A320,34.1,ChinaEasternAirlines,16R,409,B9972,
20180718,CES2370,ZBCF,ZBTJ,59700,63900,60480,64320,A320,34.1,ChinaEasternAirlines,16L,219,B9972,
20180718,CES2370,ZBTJ,ZSPD,68400,75900,68820,74940,A320,34.1,ChinaEasternAirlines,16R,216,B9972,
20180718,GCR6510,ZJSY,ZBTJ,33900,47100,42120,54480,A320,34.1,TianjinAirlines,16L,213,B9989,
20180718,GCR7897,ZBTJ,ZUCK,50700,60000,58920,66960,A320,34.1,TianjinAirlines,16R,413,B9989,
20180718,CRK363,ZBTJ,VHHH,26700,37800,27540,38640,A332,60.3,HongKongAirlines,16R,101,BLNU,
20180718,CRK9366,ZHCC,ZBTJ,41100,47700,43440,47760,A332,60.3,HongKongAirlines,16L,105,BLNZ,
20180718,CRK9366,ZBTJ,VHHH,52800,65700,56640,69540,A332,60.3,HongKongAirlines,16R,105,BLNZ,
20180718,AAR997,RKSI,ZBTJ,34200,41400,36060,41460,B763,47.57,AsianaAirways,16L,106,HL7423,
20180718,AAR998,ZBTJ,RKSI,55800,63000,57180,61620,B763,47.57,AsianaAirways,16R,102,HL7423,
20180718,KAL805,RKSI,ZBTJ,29700,36600,31920,36600,A332,60.3,KoreanAirLines,16L,105,HL7525,
20180718,KAL806,ZBTJ,RKSI,40800,47400,44040,50640,A332,60.3,KoreanAirLines,16R,101,HL7525,
20180718,AAR327,RKSI,ZBTJ,26700,33000,26880,33060,A321,34.1,AsianaAirways,16L,104,HL7789,
20180718,AAR328,ZBTJ,RKSI,37200,43200,38220,43080,A321,34.1,AsianaAirways,16R,106,HL7789,
20180718,KAL863,RKSI,ZBTJ,42000,48600,43380,48660,B739,34.3,KoreanAirLines,16L,103,HL8026,
20180718,KAL864,ZBTJ,RKSI,52800,59400,56460,63060,B739,34.3,KoreanAirLines,16R,101,HL8026,
20180718,KAL317,RKSI,ZBTJ,37200,44400,38940,44460,B77L,64.8,KoreanAirLines,16L,105,HL8285,
20180718,KAL318,ZBTJ,RKSI,57600,63600,58200,64200,B77L,64.8,KoreanAirLines,16R,101,HL8285,
20180718,NCT879,ZBTJ,VTBD,80400,10800,80460,17580,B772,60.9,NokScoot,16R,101,HSXBB,
20180718,NCT880,VTBD,ZBTJ,60900,76500,59580,76560,B772,60.9,NokScoot,16L,105,HSXBB,
20180718,SJO1031,RJAA,ZBTJ,42600,56100,45120,56160,B738,35.8,SpringJapan,16L,103,JA04GR,
20180718,SJO1032,ZBTJ,RJAA,60240,70800,60720,71820,B738,35.8,SpringJapan,16R,101,JA04GR,
20180718,JAL841,RJGG,ZBTJ,35100,46200,36300,46260,B738,35.8,JapanAirlines,16L,103,JA303J,
20180718,JAL840,ZBTJ,RJGG,50400,62400,53220,65220,B738,35.8,JapanAirlines,16R,101,JA303J,
20180718,ANA8503,RJAA,ZBTJ,30000,43500,33060,43560,B763,47.57,AllNipponAirways,16L,103,JA8356,
20180718,ANA8494,ZBTJ,RJBB,48900,58500,50880,60480,B763,47.57,AllNipponAirways,16R,102,JA8356,
20180718,HVN501,ZBTJ,VVCR,54000,68400,57360,71880,A321,34.1,VientnamAirlines,16R,104,VNA359,
20180718,HVN489,ZBTJ,VVDN,81600,8700,81660,19080,A321,34.1,VientnamAirlines,16R,106,VNA614,
20180718,HVN488,VVDN,ZBTJ,61200,77400,61500,77460,A321,34.1,VientnamAirlines,16L,103,VNA614,
20180718,VJC5320,VVCR,ZBTJ,44700,60900,44100,60960,A321,34.1,VietJet,16L,103,VNA635,
20180718,VJC5321,ZBTJ,VVCR,65100,81360,66480,82260,A321,34.1,VietJet,16R,101,VNA635,
220180718,NEWTGW138,Default,ZBTJ,6000,27300,8040,27540,B789,60.0,SCOOTER,16L,102,NEW9VOFD,300.0
220180718,NEWTGW139,ZBTJ,Default,33600,55200,35280,56880,B789,60.0,SCOOTER,16R,102,NEW9VOFD,0.0
220180718,NEWCBJ5196,ZBTJ,Default,38400,51600,39300,52260,A321,34.1,BeijingCapitalAirlines,16R,416L,NEWB1012,0.0
220180718,NEWCBJ5717,Default,ZBTJ,23760,34560,24300,34620,A321,34.1,BeijingCapitalAirlines,16L,213,NEWB1012,60.0
220180718,NEWGCR7972,Default,ZBTJ,47460,61560,49440,61680,A320,34.1,TianjinAirlines,16L,214,NEWB1052,60.0
220180718,NEWGCR7887,ZBTJ,Default,69000,79500,69960,79020,A332,60.3,TianjinAirlines,16R,212,NEWB1052,0.0
220180718,NEWCCA1680,Default,ZBTJ,42060,51660,42780,51720,B738,35.8,AirChina,16L,602,NEWB1218,60.0
220180718,NEWCCA1673,ZBTJ,Default,58200,65100,58680,64620,B738,35.8,AirChina,16R,416R,NEWB1218,0.0
220180718,NEWCCA1674,Default,ZBTJ,69180,76680,70500,76740,B738,35.8,AirChina,16L,118,NEWB1218,180.0
220180718,NEWCCA8289,ZBTJ,Default,72600,78000,85200,88620,B738,35.8,AirChina,16R,414R,NEWB1218,0.0
220180718,NEWCCA1387,ZBTJ,Default,53400,64800,54660,64200,B738,35.8,AirChina,16R,417R,NEWB1219,0.0
220180718,NEWCCA1534,Default,ZBTJ,39360,47460,40380,47520,B738,35.8,AirChina,16L,603,NEWB1219,60.0
220180718,NEWCCA1533,ZBTJ,Default,28800,35700,29160,35160,B738,35.8,AirChina,16R,413,NEWB1219,0.0
220180718,NEWCCA1528,Default,ZBTJ,-15540,-7440,-1620,4260,B738,35.8,AirChina,16L,601,NEWB1219,60.0
220180718,NEWCJX8881,ZBTJ,Default,39000,46500,39960,46560,B738,35.8,AIRCRANE,16R,418R,NEWB1268,0.0
220180718,NEWCJX8961,Default,ZBTJ,27360,35460,27900,35520,B738,35.8,AIRCRANE,16L,110,NEWB1268,60.0
220180718,NEWAMU238,Default,ZBTJ,29460,40560,30300,40620,A320,34.1,AirMacau,16L,104,NEWB1338,60.0
220180718,NEWAMU237,ZBTJ,Default,44100,55200,45240,56340,A320,34.1,AirMacau,16R,102,NEWB1338,0.0
220180718,NEWFZA6556,ZBTJ,Default,78600,85800,80160,87840,B738,35.8,STRAITAIR,16R,213,NEWB1348,0.0
220180718,NEWFZA6556,Default,ZBTJ,65460,75060,67620,75720,B738,35.8,STRAITAIR,16L,213,NEWB1348,60.0
220180718,NEWFZA6601,Default,ZBTJ,33810,41610,35070,41670,B738,35.8,STRAITAIR,16L,213,NEWB1348,210.0
220180718,NEWFZA6602,ZBTJ,Default,45000,52500,46260,52620,B738,35.8,STRAITAIR,16R,415L,NEWB1348,0.0
220180718,NEWCSN3167,ZBTJ,Default,70700,76600,72180,78180,B738,35.8,ChinaSouthernAirlines,16R,217,NEWB1411,0.0
220180718,NEWCSN3168,Default,ZBTJ,58020,64620,62760,68220,B738,35.8,ChinaSouthernAirlines,16L,222,NEWB1411,120.0
220180718,NEWCCA1669,ZBTJ,Default,61800,70200,65580,72540,B738,35.8,AirChina,16R,108,NEWB1418,0.0
220180718,NEWCCA125X,Default,ZBTJ,41060,46060,42120,47100,B738,35.8,AirChina,16L,601,NEWB1418,60.0
220180718,NEWOKA2735,ZBTJ,Default,76200,85500,76260,12000,B738,35.8,OkayAirways,16R,226,NEWB1420,0.0
220180718,NEWOKA2852,Default,ZBTJ,57480,66480,58200,67080,B739,34.3,OkayAirways,16L,222,NEWB1420,180.0
220180718,NEWCXA8194,Default,ZBTJ,-11340,3060,-1140,7020,B738,35.8,XiamenAirlines,16L,225,NEWB1456,60.0
220180718,NEWCXA8353,ZBTJ,Default,25200,33300,25560,32040,B738,35.8,XiamenAirlines,16R,413,NEWB1456,0.0
220180718,NEWOKA3086,Default,ZBTJ,79320,720,4980,11160,B738,35.8,OkayAirways,16R,601,NEWB1485,120.0
220180718,NEWOKA3085,ZBTJ,Default,24600,32400,25440,31560,B738,35.8,OkayAirways,16R,410,NEWB1485,0.0
220180718,NEWOKA2788,Default,ZBTJ,78360,3360,7140,15960,B739,34.3,OkayAirways,16L,223,NEWB1521,60.0
220180718,NEWOKA2833,ZBTJ,Default,31200,39600,34080,40740,B738,35.8,OkayAirways,16R,415L,NEWB1521,0.0
220180718,NEWCCA1678,Default,ZBTJ,28620,36720,28920,36780,B738,35.8,AirChina,16L,602,NEWB1526,120.0
220180718,NEWCCA1481,ZBTJ,Default,42600,48900,43260,47700,B738,35.8,AirChina,16R,412,NEWB1526,0.0
220180718,NEWJYH1067,Default,ZBTJ,60060,71460,61980,71580,B738,35.8,TRANSJADE,16L,112,NEWB1552,60.0
220180718,NEWJYH1056,ZBTJ,Default,75300,5580,82920,92220,B738,35.8,TRANSJADE,16R,113,NEWB1552,0.0
220180718,NEWJYH1068,ZBTJ,Default,43800,55200,44940,54780,B738,35.8,TRANSJADE,16R,416L,NEWB1552,0.0
220180718,NEWJYH1055,Default,ZBTJ,23760,35160,25620,35220,B738,35.8,TRANSJADE,16L,112,NEWB1552,60.0
220180718,NEWQDA6003,ZBTJ,Default,36000,48600,36720,47340,A320,34.1,SKYLEGEND,16R,413,NEWB1648,0.0
220180718,NEWQDA6003,Default,ZBTJ,25620,32220,25680,32220,A320,34.1,SKYLEGEND,16L,602,NEWB1648,120.0
220180718,NEWCSC8862,ZBTJ,Default,79500,3900,79560,14580,A320,34.1,SichuanAirlines,16R,111,NEWB1665,0.0
220180718,NEWCSC8861,Default,ZBTJ,66060,74760,66480,74820,A320,34.1,SichuanAirlines,16L,111,NEWB1665,60.0
220180718,NEWCQH8510,ZBTJ,Default,71100,77400,71700,76020,A320,34.1,ShanghaiSpringAirlines,16R,114,NEWB1671,0.0
220180718,NEWCQH8509,Default,ZBTJ,59220,65820,60540,65880,A320,34.1,ShanghaiSpringAirlines,16L,111,NEWB1671,120.0
220180718,NEWOKA2897,ZBTJ,Default,36100,48000,38100,48480,B738,35.8,OkayAirways,16R,413,NEWB1732,0.0
220180718,NEWOKA310V,Default,ZBTJ,27060,30060,31080,34080,B738,35.8,OkayAirways,16L,222,NEWB1732,60.0
220180718,NEWCSN3134,ZBTJ,Default,45000,56400,46140,55440,A321,34.1,ChinaSouthernAirlines,16R,416R,NEWB1802,0.0
220180718,NEWCSN3133,Default,ZBTJ,30090,41490,32250,41550,A321,34.1,ChinaSouthernAirlines,16L,220,NEWB1802,90.0
220180718,NEWGCR6512,ZBTJ,Default,47400,54600,56280,61980,A320,34.1,TianjinAirlines,16R,416R,NEWB1850,0.0
220180718,NEWGCR6511,Default,ZBTJ,36360,42660,46380,52200,A320,34.1,TianjinAirlines,16L,211,NEWB1850,60.0
220180718,NEWCSN3772,ZBTJ,Default,45300,58800,47280,57780,B738,35.8,ChinaSouthernAirlines,16R,415R,NEWB1922,0.0
220180718,NEWCSN3771,Default,ZBTJ,30660,41760,33540,43260,B738,35.8,ChinaSouthernAirlines,16L,220,NEWB1922,60.0
220180718,NEWOKA2965,ZBTJ,Default,44100,53400,44400,52320,B738,35.8,OkayAirways,16R,414R,NEWB1962,0.0
220180718,NEWOKA2907,Default,ZBTJ,23640,35940,25380,36840,B738,35.8,OkayAirways,16L,224,NEWB1962,240.0
220180718,NEWOKA2736,Default,ZBTJ,24120,32220,24480,32280,B738,35.8,OkayAirways,16L,222,NEWB1963,120.0
220180718,NEWOKA3103,ZBTJ,Default,38700,50700,39840,49800,B738,35.8,OkayAirways,16R,417R,NEWB1963,0.0
220180718,NEWOKA2908,ZBTJ,Default,74400,8400,83100,93420,B738,35.8,OkayAirways,16R,223,NEWB1963,0.0
220180718,NEWOKA3104,Default,ZBTJ,54660,65460,61320,70500,B738,35.8,OkayAirways,16L,222,NEWB1963,60.0
220180718,NEWCXA831,ZBTJ,Default,50100,59400,51960,61740,B738,35.8,XiamenAirlines,16R,410,NEWB1964,0.0
220180718,NEWCXA8470,Default,ZBTJ,37860,46260,38400,46740,B738,35.8,XiamenAirlines,16L,226,NEWB1964,60.0
220180718,NEWYZR7490,Default,ZBTJ,-37410,-7110,-2850,27450,B744,64.4,YangtzeRiverExpress,16L,897,NEWB2432,90.0
220180718,NEWYZR749Z,ZBTJ,Default,28800,36000,55080,61080,B744,64.4,YangtzeRiverExpress,16R,876,NEWB2432,0.0
220180718,NEWCYZ9111,ZBTJ,Default,33300,42300,36060,43980,B752,38.05,ChinaPost,16R,876,NEWB2825,0.0
220180718,NEWCYZ9102,Default,ZBTJ,22260,28560,22260,28620,B752,38.05,ChinaPost,16L,912,NEWB2825,60.0
220180718,NEWLHA4015,Default,ZBTJ,8160,14460,10500,16560,B733,28.3,LonghaoAirlines,16L,906,NEWB2986,60.0
220180718,NEWLHA4016,ZBTJ,Default,18000,24000,18960,23580,B733,28.3,LonghaoAirlines,16L,906,NEWB2986,0.0
220180718,NEWCSS7155,Default,ZBTJ,5160,10560,15420,20640,B733,28.3,SHUNFENG,16L,906,NEWB2988,60.0
220180718,NEWCSS7156,ZBTJ,Default,15300,21900,23580,28980,B733,28.3,SHUNFENG,16L,906,NEWB2988,0.0
220180718,NEWCES5439,Default,ZBTJ,49860,57960,50340,58020,A20N,35.8,ChinaEasternAirlines,16L,215,NEWB300R,60.0
220180718,NEWCES5440,ZBTJ,Default,62100,68700,62400,68160,A20N,35.8,ChinaEasternAirlines,16R,216,NEWB300R,0.0
220180718,NEWGCR7839,ZBTJ,Default,28500,43800,29040,43020,A320,34.1,TianjinAirlines,16R,414R,NEWB300S,0.0
220180718,NEWGCR7990,Default,ZBTJ,1860,14760,6180,16320,A320,34.1,TianjinAirlines,16L,213,NEWB300S,60.0
220180718,NEWGCR7805,ZBTJ,Default,72600,79200,72660,78360,A320,34.1,TianjinAirlines,16R,205,NEWB3108,0.0
220180718,NEWGCR7826,Default,ZBTJ,61380,64980,63120,66180,E190,28.72,TianjinAirlines,16L,215,NEWB3108,180.0
220180718,NEWGCR7581,Default,ZBTJ,50760,57060,51660,57120,E190,28.72,TianjinAirlines,16L,214,NEWB3128,60.0
220180718,NEWGCR7581,ZBTJ,Default,60300,66000,60900,64980,E190,28.72,TianjinAirlines,16R,205,NEWB3128,0.0
220180718,NEWGCR7909,ZBTJ,Default,55200,61200,55260,61740,E190,28.72,TianjinAirlines,16R,414L,NEWB3152,0.0
220180718,NEWGCR7829,Default,ZBTJ,-12240,-7140,-420,3060,E190,28.72,TianjinAirlines,16L,213,NEWB3152,60.0
220180718,NEWGCR6658,Default,ZBTJ,64860,69360,65040,69420,E190,28.72,TianjinAirlines,16L,209,NEWB3161,60.0
220180718,NEWGCR6658,ZBTJ,Default,73500,78600,74040,77940,E190,28.72,TianjinAirlines,16R,208,NEWB3161,0.0
220180718,NEWGCR6653,Default,ZBTJ,35760,41160,36240,41220,E190,28.72,TianjinAirlines,16L,210,NEWB3190,60.0
220180718,NEWGCR6653,ZBTJ,Default,45000,49200,45120,47760,E190,28.72,TianjinAirlines,16R,412,NEWB3190,0.0
220180718,NEWGCR7916,Default,ZBTJ,56460,61260,58620,61980,E190,28.72,TianjinAirlines,16L,210,NEWB3192,60.0
220180718,NEWGCR7849,ZBTJ,Default,64800,72600,66960,73440,E190,28.72,TianjinAirlines,16R,210,NEWB3192,0.0
220180718,NEWCBG8821,Default,ZBTJ,37260,45660,41460,49080,E190,28.72,SPRAY,16L,605,NEWB3215,60.0
220180718,NEWCBG8822,ZBTJ,Default,51230,61800,52380,60900,E190,28.72,SPRAY,16L,605,NEWB3215,0.0
220180718,NEWHXA2842,ZBTJ,Default,78000,83700,78060,5400,CRJ9,23.2,Chinaexpressair,16R,414L,NEWB3227,0.0
220180718,NEWHXA2670,Default,ZBTJ,67560,73860,67380,73920,CRJ9,23.2,Chinaexpressair,16L,606,NEWB3227,60.0
220180718,NEWHXA2841,Default,ZBTJ,86160,5160,8160,12120,CRJ9,23.2,Chinaexpressair,16R,601,NEWB3227,60.0
220180718,NEWHXA2911,ZBTJ,Default,25500,33300,25920,32760,CRJ9,23.2,Chinaexpressair,16R,415L,NEWB3227,0.0
220180718,NEWHXA2912,Default,ZBTJ,35880,43680,35400,43740,CRJ9,23.2,Chinaexpressair,16L,603,NEWB3227,180.0
220180718,NEWHXA2669,ZBTJ,Default,46500,53400,46740,52980,CRJ9,23.2,Chinaexpressair,16L,603,NEWB3227,0.0
220180718,NEWHXA2843,Default,ZBTJ,51660,56460,51960,56520,CRJ9,23.2,Chinaexpressair,16L,601,NEWB3362,60.0
220180718,NEWHXA2923,ZBTJ,Default,63600,70800,63660,69240,CRJ9,23.2,Chinaexpressair,16R,417L,NEWB3362,0.0
220180718,NEWHXA2914,Default,ZBTJ,66060,74160,76500,84900,CRJ9,23.2,Chinaexpressair,16L,602,NEWB3369,60.0
220180718,NEWHXA287X,Default,ZBTJ,31260,34860,36420,39900,CRJ9,23.2,Chinaexpressair,16L,602,NEWB3369,60.0
220180718,NEWHXA2913,ZBTJ,Default,42200,49200,43980,52620,CRJ9,23.2,Chinaexpressair,16R,415R,NEWB3369,0.0
220180718,NEWHXA2903,ZBTJ,Default,57900,64500,58500,64200,CRJ9,23.2,Chinaexpressair,16R,415L,NEWB3378,0.0
220180718,NEWHXA2906,Default,ZBTJ,37860,45960,37740,46020,CRJ9,23.2,Chinaexpressair,16L,606,NEWB3378,60.0
220180718,NEWCSH906Q,Default,ZBTJ,28920,36120,30720,37320,B738,35.8,ShanghaiAirlines,16L,601,NEWB5131,120.0
220180718,NEWCSH9070,ZBTJ,Default,27600,35400,41580,47280,B738,35.8,ShanghaiAirlines,16R,414R,NEWB5131,0.0
220180718,NEWCCA827T,Default,ZBTJ,25260,32460,25740,33360,B737,35.8,AirChina,16L,605,NEWB5228,60.0
220180718,NEWCCA1633,ZBTJ,Default,32100,39600,36600,42840,B737,35.8,AirChina,16L,605,NEWB5228,0.0
220180718,NEWCCA1634,Default,ZBTJ,44160,50760,45780,52020,B738,35.8,AirChina,16L,606,NEWB5228,60.0
220180718,NEWCCA8275,ZBTJ,Default,63000,72600,63060,70260,B737,35.8,AirChina,16R,107,NEWB5228,0.0
220180718,NEWCSN3313,Default,ZBTJ,45060,57060,45900,57420,B738,35.8,ChinaSouthernAirlines,16L,602,NEWB5247,60.0
220180718,NEWCSN3314,ZBTJ,Default,62700,76200,63240,73860,B738,35.8,ChinaSouthernAirlines,16R,220,NEWB5247,0.0
220180718,NEWCSZ9800,ZBTJ,Default,59100,68400,59700,68100,B738,35.8,ShenzhenAirlines,16R,108,NEWB5381,0.0
220180718,NEWCSZ9799,Default,ZBTJ,45660,55560,46380,55620,B738,35.8,ShenzhenAirlines,16L,603,NEWB5381,60.0
220180718,NEWCXA8210,Default,ZBTJ,58560,65760,62640,68760,B738,35.8,XiamenAirlines,16L,229,NEWB5382,60.0
220180718,NEWCXA8210,ZBTJ,Default,70260,74700,73140,75840,B738,35.8,XiamenAirlines,16R,229,NEWB5382,0.0
220180718,NEWCCA1523,ZBTJ,Default,55500,61500,55560,60720,B738,35.8,AirChina,16R,410,NEWB5387,0.0
220180718,NEWCCA1246,Default,ZBTJ,38760,47160,39060,47220,B738,35.8,AirChina,16L,607,NEWB5387,60.0
220180718,NEWCCA1418,Default,ZBTJ,47820,58020,55620,65940,B737,35.8,AirChina,16L,202,NEWB5391,120.0
220180718,NEWCCA1677,ZBTJ,Default,69900,77400,72900,79200,B738,35.8,AirChina,16R,118,NEWB5391,0.0
220180718,NEWCXA8277,ZBTJ,Default,71700,600,74880,88560,B738,35.8,XiamenAirlines,16R,227,NEWB5435,0.0
220180718,NEWCXA8277,Default,ZBTJ,58320,68220,61740,70020,B738,35.8,XiamenAirlines,16L,225,NEWB5435,120.0
220180718,NEWCCA1389,ZBTJ,Default,53700,68700,54120,67920,B738,35.8,AirChina,16R,412,NEWB5442,0.0
220180718,NEWCCA1260,Default,ZBTJ,37860,47760,38340,48000,B738,35.8,AirChina,16L,605,NEWB5442,60.0
220180718,NEWCCA749,ZBTJ,Default,73800,6300,79440,98340,B738,35.8,AirChina,16R,117,NEWB5447,0.0
220180718,NEWCCA152,Default,ZBTJ,65760,69660,66180,69720,B738,35.8,AirChina,16L,203,NEWB5447,60.0
220180718,NEWCDG4717,ZBTJ,Default,33600,39000,34380,38220,B738,35.8,shandongAirlines,16R,411,NEWB5450,0.0
220180718,NEWCDG4717,Default,ZBTJ,25260,30060,25980,30120,B738,35.8,shandongAirlines,16L,603,NEWB5450,60.0
220180718,NEWCXA8126,ZBTJ,Default,75600,86100,81960,90120,B738,35.8,XiamenAirlines,16R,228,NEWB5458,0.0
220180718,NEWCXA8144,Default,ZBTJ,61860,72360,64200,72420,B738,35.8,XiamenAirlines,16L,228,NEWB5458,60.0
220180718,NEWCCA1319,ZBTJ,Default,52500,64200,55620,65820,B737,35.8,AirChina,16R,414R,NEWB5495,0.0
220180718,NEWCCA8362,Default,ZBTJ,30360,42060,39900,48900,B738,35.8,AirChina,16L,602,NEWB5495,60.0
220180718,NEWCHH7725,ZBTJ,Default,48000,55500,49920,56100,B738,35.8,HainanAirlines,16L,213,NEWB5522,0.0
220180718,NEWCHH7725,Default,ZBTJ,36420,44520,38640,46320,B738,35.8,HainanAirlines,16L,213,NEWB5522,120.0
220180718,NEWCSH9115,Default,ZBTJ,36360,44160,37140,44220,B738,35.8,ShanghaiAirlines,16L,219,NEWB5546,60.0
220180718,NEWCSH9116,ZBTJ,Default,48600,55800,48600,54060,B738,35.8,ShanghaiAirlines,16R,414L,NEWB5546,0.0
220180718,NEWCXA8209,ZBTJ,Default,47280,55800,47640,54900,B738,35.8,XiamenAirlines,16R,416L,NEWB5563,0.0
220180718,NEWCXA8209,Default,ZBTJ,38760,42960,39900,43020,B738,35.8,XiamenAirlines,16L,225,NEWB5563,60.0
220180718,NEWCSH9064,ZBTJ,Default,71400,78900,71400,76800,B738,35.8,ShanghaiAirlines,16R,218,NEWB5576,0.0
220180718,NEWCSH9063,Default,ZBTJ,57480,66180,58260,66240,B738,35.8,ShanghaiAirlines,16L,219,NEWB5576,180.0
220180718,NEWOKA2819,ZBTJ,Default,57300,68700,57780,66480,B738,35.8,OkayAirways,16R,416L,NEWB5578,0.0
220180718,NEWOKA2988,Default,ZBTJ,43920,51720,44100,51780,B738,35.8,OkayAirways,16L,222,NEWB5578,120.0
220180718,NEWCCA8290,Default,ZBTJ,28860,34260,28920,34320,B738,35.8,AirChina,16L,604,NEWB5585,60.0
220180718,NEWCCA1671,ZBTJ,Default,42000,54000,43020,53940,B738,35.8,AirChina,16R,414L,NEWB5585,0.0
220180718,NEWCXA8278,ZBTJ,Default,45300,54900,45480,54780,B738,35.8,XiamenAirlines,16R,415R,NEWB5595,0.0
220180718,NEWCXA8278,Default,ZBTJ,28650,41550,29190,41610,B738,35.8,XiamenAirlines,16L,225,NEWB5595,150.0
220180718,NEWCSZ9122,ZBTJ,Default,39300,51600,40560,51120,B738,35.8,ShenzhenAirlines,16R,416L,NEWB5612,0.0
220180718,NEWCSZ9121,Default,ZBTJ,25320,35820,26460,35880,B738,35.8,ShenzhenAirlines,16L,606,NEWB5612,120.0
220180718,NEWCHH7791,Default,ZBTJ,37260,48360,45240,54180,B738,35.8,HainanAirlines,16L,602,NEWB5637,60.0
220180718,NEWCHH7792,ZBTJ,Default,51900,62400,59580,68220,B738,35.8,HainanAirlines,16R,208,NEWB5637,0.0
220180718,NEWCES5747,Default,ZBTJ,34560,46560,35880,46620,B738,35.8,ChinaEasternAirlines,16L,602,NEWB5647,60.0
220180718,NEWCES5748,ZBTJ,Default,52200,64200,52260,61500,B738,35.8,ChinaEasternAirlines,16R,415R,NEWB5647,0.0
220180718,NEWCSN3301,Default,ZBTJ,38760,50460,48000,57000,B738,35.8,ChinaSouthernAirlines,16L,222,NEWB5677,60.0
220180718,NEWCSN3302,ZBTJ,Default,54000,65100,61800,71760,B738,35.8,ChinaSouthernAirlines,16R,218,NEWB5677,0.0
220180718,NEWCCA1670,Default,ZBTJ,-12540,1860,4500,11100,B738,35.8,AirChina,16R,109,NEWB5680,60.0
220180718,NEWCCA171,ZBTJ,Default,31800,38700,32880,39780,B738,35.8,AirChina,16R,411,NEWB5680,0.0
220180718,NEWCCA1442,Default,ZBTJ,75060,79560,76980,80700,B738,35.8,AirChina,16L,108,NEWB5681,60.0
220180718,NEWCCA1441,ZBTJ,Default,47100,52200,47100,50100,B738,35.8,AirChina,16R,414R,NEWB5681,0.0
220180718,NEWCCA1656,Default,ZBTJ,32760,41760,34860,41820,B738,35.8,AirChina,16L,604,NEWB5681,60.0
220180718,NEWCXA8298,Default,ZBTJ,48360,56460,55020,61800,B738,35.8,XiamenAirlines,16L,226,NEWB5688,60.0
220180718,NEWCXA8469,ZBTJ,Default,61200,70500,66660,75480,B738,35.8,XiamenAirlines,16R,226,NEWB5688,0.0
220180718,NEWCDG4802,ZBTJ,Default,75900,600,80880,89280,B738,35.8,shandongAirlines,16R,108,NEWB5787,0.0
220180718,NEWCDG4694,Default,ZBTJ,56280,67080,55980,67140,B738,35.8,shandongAirlines,16L,118,NEWB5787,180.0
220180718,NEWCDG4801,Default,ZBTJ,26820,37320,27180,37380,B738,35.8,shandongAirlines,16L,605,NEWB5787,120.0
220180718,NEWCDG4693,ZBTJ,Default,40800,53100,41940,52740,B738,35.8,shandongAirlines,16R,412,NEWB5787,0.0
220180718,NEWCCA1320,Default,ZBTJ,-17340,300,-8760,300,B737,35.8,AirChina,16L,601,NEWB5793,60.0
220180718,NEWCCA103,ZBTJ,Default,30900,42600,31980,43140,B738,35.8,AirChina,16R,409,NEWB5793,0.0
220180718,NEWCCA104,Default,ZBTJ,46500,58800,59160,68340,B738,35.8,AirChina,16L,203,NEWB5793,300.0
220180718,NEWCCA8361,ZBTJ,Default,72500,84530,77880,89040,B738,35.8,AirChina,16R,117,NEWB5793,0.0
220180718,NEWCCA802,Default,ZBTJ,60060,66360,60480,66420,B738,35.8,AirChina,16L,203,NEWB5849,60.0
220180718,NEWCCA1655,ZBTJ,Default,74400,80100,74460,79440,B737,35.8,AirChina,16R,108,NEWB5849,0.0
220180718,NEWCHH7630,ZBTJ,Default,54900,63300,54960,63120,B738,35.8,HainanAirlines,16R,416L,NEWB5853,0.0
220180718,NEWCHH7629,Default,ZBTJ,40260,49860,42180,49980,B738,35.8,HainanAirlines,16L,214,NEWB5853,60.0
220180718,NEWRLH5313,Default,ZBTJ,35460,42360,35100,42360,B737,35.8,SENDI,16L,601,NEWB6110,60.0
220180718,NEWRLH5314,ZBTJ,Default,46200,54600,46740,54780,B737,35.8,SENDI,16R,411,NEWB6110,0.0
220180718,NEWCSZ9797,Default,ZBTJ,25620,34620,25680,34680,A320,34.1,ShenzhenAirlines,16L,602,NEWB6352,120.0
220180718,NEWCSZ9798,ZBTJ,Default,38100,48000,47460,56160,A320,34.1,ShenzhenAirlines,16R,410,NEWB6352,0.0
220180718,NEWCCA4188,ZBTJ,Default,39900,51600,40800,49380,A321,34.1,AirChina,16R,416R,NEWB6362,0.0
220180718,NEWCCA4187,Default,ZBTJ,26760,35760,27360,35820,A321,34.1,AirChina,16L,608,NEWB6362,60.0
220180718,NEWCXA8314,Default,ZBTJ,45360,56760,51000,60420,B738,35.8,XiamenAirlines,16L,227,NEWB6485,60.0
220180718,NEWCXA8383,ZBTJ,Default,61800,72000,64860,73740,B738,35.8,XiamenAirlines,16R,227,NEWB6485,0.0
220180718,NEWCXA8313,ZBTJ,Default,29700,40800,33960,43200,B738,35.8,XiamenAirlines,16R,418R,NEWB6485,0.0
220180718,NEWCXA8240,Default,ZBTJ,-7440,-840,6360,11280,B738,35.8,XiamenAirlines,16R,603,NEWB6485,60.0
220180718,NEWCXA8379,ZBTJ,Default,58200,70500,64380,74940,B738,35.8,XiamenAirlines,16R,226,NEWB6486,0.0
220180718,NEWCXA8366,Default,ZBTJ,42060,54060,49620,58680,B738,35.8,XiamenAirlines,16L,226,NEWB6486,60.0
220180718,NEWCCA8225,ZBTJ,Default,40200,46500,40260,46680,A320,34.1,AirChina,16R,413,NEWB6611,0.0
220180718,NEWCCA8225,Default,ZBTJ,29460,36060,29160,36120,A320,34.1,AirChina,16L,601,NEWB6611,60.0
220180718,NEWCES5143,Default,ZBTJ,40260,48660,41640,48720,A320,34.1,ChinaEasternAirlines,16L,219,NEWB6696,60.0
220180718,NEWCES5143,ZBTJ,Default,54300,62100,55740,61980,A320,34.1,ChinaEasternAirlines,16R,413,NEWB6696,0.0
220180718,NEWCSN6579,Default,ZBTJ,26760,30660,27420,30720,A320,34.1,ChinaSouthernAirlines,16L,220,NEWB6786,60.0
220180718,NEWCSN6579,ZBTJ,Default,34200,44100,35700,43320,A320,34.1,ChinaSouthernAirlines,16R,415L,NEWB6786,0.0
220180718,NEWGCR7578,ZBTJ,Default,72000,600,78180,91260,A321,34.1,TianjinAirlines,16R,207,NEWB6789,0.0
220180718,NEWGCR7578,Default,ZBTJ,61320,67920,63660,70260,A321,34.1,TianjinAirlines,16L,215,NEWB6789,120.0
220180718,NEWGCR7577,Default,ZBTJ,33420,47220,34020,47280,A321,34.1,TianjinAirlines,16L,211,NEWB6789,120.0
220180718,NEWGCR7577,ZBTJ,Default,51300,57300,52620,59220,A321,34.1,TianjinAirlines,16R,412,NEWB6789,0.0
220180718,NEWLKE972R,ZBTJ,Default,34200,42300,38700,47040,B738,35.8,LUCKYAIR,16R,415L,NEWB6809,0.0
220180718,NEWLKE972S,Default,ZBTJ,28860,31860,32520,35040,B738,35.8,LUCKYAIR,16L,209,NEWB6809,60.0
220180718,NEWCSC8349,ZBTJ,Default,24000,36900,24420,35160,A321,34.1,SichuanAirlines,16R,412,NEWB6810,0.0
220180718,NEWCSC8040,Default,ZBTJ,-17340,-9840,4860,10740,A321,34.1,SichuanAirlines,16L,604,NEWB6810,60.0
220180718,NEWGCR7994,Default,ZBTJ,38760,44760,40260,44880,A320,34.1,TianjinAirlines,16L,601,NEWB6837,60.0
220180718,NEWGCR7875,ZBTJ,Default,48900,55800,50100,55800,A320,34.1,TianjinAirlines,16R,414R,NEWB6837,0.0
220180718,NEWCSC835U,ZBTJ,Default,48700,57600,50280,59220,A321,34.1,SichuanAirlines,16R,415R,NEWB6838,0.0
220180718,NEWCSC8810,Default,ZBTJ,28860,37260,31620,39360,A321,34.1,SichuanAirlines,16L,604,NEWB6838,60.0
220180718,NEWCSH9131,Default,ZBTJ,31920,41220,32580,41280,B738,35.8,ShanghaiAirlines,16L,219,NEWB6866,120.0
220180718,NEWCSH9132,ZBTJ,Default,45000,51900,45780,51720,B738,35.8,ShanghaiAirlines,16R,414R,NEWB6866,0.0
220180718,NEWLKE9632,ZBTJ,Default,47400,56400,48420,56940,B738,35.8,LUCKYAIR,16R,414R,NEWB6943,0.0
220180718,NEWLKE9631,Default,ZBTJ,34950,43950,36810,44550,B738,35.8,LUCKYAIR,16L,213,NEWB6943,150.0
220180718,NEWLKE9727,Default,ZBTJ,67920,77220,67980,77280,B738,35.8,LUCKYAIR,16L,211,NEWB6943,120.0
220180718,NEWLKE9728,ZBTJ,Default,80700,3300,80880,14400,B738,35.8,LUCKYAIR,16L,211,NEWB6943,0.0
220180718,NEWCQH8813,Default,ZBTJ,25620,34320,27360,34380,A320,34.1,ShanghaiSpringAirlines,16L,110,NEWB6971,120.0
220180718,NEWCQH8814,ZBTJ,Default,38100,45600,40140,46200,A320,34.1,ShanghaiSpringAirlines,16R,414L,NEWB6971,0.0
220180718,NEWEPA6245,Default,ZBTJ,46560,56160,52380,60780,B738,35.8,DONGHAIAIR,16L,209,NEWB6982,60.0
220180718,NEWEPA6246,ZBTJ,Default,60600,70800,67200,75900,B738,35.8,DONGHAIAIR,16R,207,NEWB6982,0.0
220180718,NEWOKA3035,ZBTJ,Default,27300,34200,27840,34020,B738,35.8,OkayAirways,16R,413,NEWB6997,0.0
220180718,NEWOKA2989,ZBTJ,Default,80100,7200,81240,95340,B738,35.8,OkayAirways,16R,222,NEWB6997,0.0
220180718,NEWOKA3036,Default,ZBTJ,68460,74760,71640,77220,B738,35.8,OkayAirways,16L,223,NEWB6997,60.0
220180718,NEWFZA6570,ZBTJ,Default,70800,75300,70860,74160,B738,35.8,STRAITAIR,16R,205,NEWB7113,0.0
220180718,NEWFZA6569,Default,ZBTJ,61560,66960,62760,67020,B738,35.8,STRAITAIR,16L,213,NEWB7113,60.0
220180718,NEWCXA833X,Default,ZBTJ,32460,36960,37020,39600,B738,35.8,XiamenAirlines,16L,225,NEWB7179,60.0
220180718,NEWCXA8331,ZBTJ,Default,32700,42300,46440,55860,B738,35.8,XiamenAirlines,16R,418R,NEWB7179,0.0
220180718,NEWCCA8292,Default,ZBTJ,42960,50760,43860,50820,B738,35.8,AirChina,16L,604,NEWB7182,60.0
220180718,NEWCCA1401,ZBTJ,Default,56400,69300,56820,67380,B738,35.8,AirChina,16R,415R,NEWB7182,0.0
220180718,NEWCXA8033,Default,ZBTJ,28860,37860,37800,45900,B738,35.8,XiamenAirlines,16L,225,NEWB7816,60.0
220180718,NEWCXA8033,ZBTJ,Default,42300,48000,51480,58260,B738,35.8,XiamenAirlines,16R,417R,NEWB7816,0.0
220180718,NEWCBJ5195,Default,ZBTJ,61860,75360,63900,76980,A321,34.1,BeijingCapitalAirlines,16L,209,NEWB8107,60.0
220180718,NEWCBJ5718,ZBTJ,Default,78900,13680,79380,13920,A321,34.1,BeijingCapitalAirlines,16L,209,NEWB8107,0.0
220180718,NEWCSC8816,Default,ZBTJ,45660,53160,48060,53580,A320,34.1,SichuanAirlines,16L,601,NEWB8330,60.0
220180718,NEWCSC8816,ZBTJ,Default,57300,63600,58080,63900,A320,34.1,SichuanAirlines,16R,414L,NEWB8330,0.0
220180718,NEWCSC8815,Default,ZBTJ,25260,32760,27360,33240,A320,34.1,SichuanAirlines,16L,602,NEWB8330,60.0
220180718,NEWCSC8815,ZBTJ,Default,36900,42600,39060,44460,A320,34.1,SichuanAirlines,16R,415R,NEWB8330,0.0
220180718,NEWGCR7863,ZBTJ,Default,70500,77700,70560,76140,A320,34.1,TianjinAirlines,16R,217,NEWB8381,0.0
220180718,NEWGCR7820,Default,ZBTJ,58260,66060,58080,66120,A320,34.1,TianjinAirlines,16L,211,NEWB8381,60.0
220180718,NEWCBG8819,Default,ZBTJ,57120,64320,57300,64380,E190,28.72,SPRAY,16L,111,NEWB8388,120.0
220180718,NEWCBG8820,ZBTJ,Default,69000,76800,69360,75900,E190,28.72,SPRAY,16R,115,NEWB8388,0.0
220180718,NEWGCR7584,Default,ZBTJ,45060,52860,45900,52920,A320,34.1,TianjinAirlines,16L,604,NEWB8505,60.0
220180718,NEWGCR7584,ZBTJ,Default,56700,63300,57060,62940,A320,34.1,TianjinAirlines,16R,415L,NEWB8505,0.0
220180718,NEWGCR7583,Default,ZBTJ,24660,31260,25920,31320,A320,34.1,TianjinAirlines,16L,213,NEWB8505,60.0
220180718,NEWGCR7583,ZBTJ,Default,34800,41700,35100,41460,A320,34.1,TianjinAirlines,16R,413,NEWB8505,0.0
220180718,NEWUEA2775,Default,ZBTJ,28560,38460,29160,38520,A320,34.1,ChengduAirlines,16L,605,NEWB8608,60.0
220180718,NEWUEA2775,ZBTJ,Default,42900,50400,43620,49560,A320,34.1,ChengduAirlines,16R,415L,NEWB8608,0.0
220180718,NEWCSC8568,ZBTJ,Default,62880,69900,63300,69540,A321,34.1,SichuanAirlines,16R,111,NEWB8686,0.0
220180718,NEWCSC8568,Default,ZBTJ,51060,58860,51120,58920,A321,34.1,SichuanAirlines,16L,603,NEWB8686,60.0
220180718,NEWCSC8567,Default,ZBTJ,27360,34860,27660,34920,A321,34.1,SichuanAirlines,16L,606,NEWB8686,60.0
220180718,NEWCSC8567,ZBTJ,Default,39900,48000,39960,46800,A321,34.1,SichuanAirlines,16R,414R,NEWB8686,0.0
220180718,NEWGCR7895,ZBTJ,Default,41700,52800,42720,52020,A320,34.1,TianjinAirlines,16R,415R,NEWB8952,0.0
220180718,NEWGCR7906,Default,ZBTJ,26760,36360,27900,36420,A320,34.1,TianjinAirlines,16L,213,NEWB8952,60.0
220180718,NEWGCR7902,Default,ZBTJ,-2940,-83040,-2040,2820,E190,28.72,TianjinAirlines,16L,603,NEWB8953,60.0
220180718,NEWGCR7881,ZBTJ,Default,29100,36300,29520,35280,A320,34.1,TianjinAirlines,16R,410,NEWB8953,0.0
220180718,NEWGCR7882,Default,ZBTJ,40860,49260,42180,49320,A320,34.1,TianjinAirlines,16L,211,NEWB8953,60.0
220180718,NEWGCR7865,ZBTJ,Default,54300,66300,54360,64560,A320,34.1,TianjinAirlines,16R,414R,NEWB8953,0.0
220180718,NEWGCR7890,Default,ZBTJ,48180,58680,50460,58740,A332,60.3,TianjinAirlines,16L,418,NEWB8959,180.0
220180718,NEWGCR7851,ZBTJ,Default,63900,70800,65160,71040,E190,28.72,TianjinAirlines,16R,211,NEWB8959,0.0
220180718,NEWCQH8914,Default,ZBTJ,37260,45660,37560,45720,A320,34.1,ShanghaiSpringAirlines,16L,605,NEWB8963,60.0
220180718,NEWCQH8989,ZBTJ,Default,49800,56100,50640,55380,A320,34.1,ShanghaiSpringAirlines,16R,414L,NEWB8963,0.0
220180718,NEWCES2370,ZBTJ,Default,68400,75900,68820,74940,A320,34.1,ChinaEasternAirlines,16R,217,NEWB9972,0.0
220180718,NEWCES2370,Default,ZBTJ,59820,64020,60600,64440,A320,34.1,ChinaEasternAirlines,16L,215,NEWB9972,120.0
220180718,NEWCES2369,Default,ZBTJ,37980,46080,39000,46380,A320,34.1,ChinaEasternAirlines,16L,604,NEWB9972,180.0
220180718,NEWCES2369,ZBTJ,Default,50400,55500,52080,56340,A320,34.1,ChinaEasternAirlines,16R,416R,NEWB9972,0.0
220180718,NEWGCR7897,ZBTJ,Default,50700,60000,58920,66960,A320,34.1,TianjinAirlines,16R,412,NEWB9989,0.0
220180718,NEWGCR6510,Default,ZBTJ,33960,47160,42180,54540,A320,34.1,TianjinAirlines,16L,211,NEWB9989,60.0
220180718,NEWKAL806,ZBTJ,Default,40800,47400,44040,50640,A332,60.3,KoreanAirLines,16R,105,NEWHL7525,0.0
220180718,NEWKAL805,Default,ZBTJ,30000,36900,32220,36900,A332,60.3,KoreanAirLines,16L,102,NEWHL7525,300.0
220180718,NEWAAR328,ZBTJ,Default,37200,43200,38220,43080,A321,34.1,AsianaAirways,16R,101,NEWHL7789,0.0
220180718,NEWAAR327,Default,ZBTJ,26760,33060,26940,33120,A321,34.1,AsianaAirways,16L,103,NEWHL7789,60.0
220180718,NEWNCT879,ZBTJ,Default,80400,10800,80460,17580,B772,60.9,NokScoot,16R,105,NEWHSXBB,0.0
220180718,NEWNCT880,Default,ZBTJ,61140,76740,59820,76800,B772,60.9,NokScoot,16L,102,NEWHSXBB,240.0
220180718,NEWANA8503,Default,ZBTJ,30090,43590,33150,43650,B763,47.57,AllNipponAirways,16L,104,NEWJA8356,90.0
220180718,NEWANA8494,ZBTJ,Default,48900,58500,50880,60480,B763,47.57,AllNipponAirways,16R,101,NEWJA8356,0.0
220180718,NEWHVN489,ZBTJ,Default,81600,8700,81660,19080,A321,34.1,VientnamAirlines,16R,104,NEWVNA614,0.0
220180718,NEWHVN488,Default,ZBTJ,61260,77460,61560,77520,A321,34.1,VientnamAirlines,16L,104,NEWVNA614,60.0
220180718,NEWVJC5320,Default,ZBTJ,44760,60960,44160,61020,A321,34.1,VietJet,16L,104,NEWVNA635,60.0
220180718,NEWVJC5321,ZBTJ,Default,65100,81360,66480,82260,A321,34.1,VietJet,16R,102,NEWVNA635,0.0
